5,0022	59,0000
5,0224	41,0000
5,0426	70,0000
5,0629	54,0000
5,0831	54,0000
5,1033	60,0000
5,1235	61,0000
5,1437	49,0000
5,1639	55,0000
5,1841	54,0000
5,2044	52,0000
5,2246	47,0000
5,2448	49,0000
5,2650	47,0000
5,2852	40,0000
5,3054	37,0000
5,3256	49,0000
5,3458	44,0000
5,3661	31,0000
5,3863	44,0000
5,4065	50,0000
5,4267	42,0000
5,4469	42,0000
5,4671	41,0000
5,4873	53,0000
5,5076	38,0000
5,5278	34,0000
5,5480	42,0000
5,5682	41,0000
5,5884	37,0000
5,6086	34,0000
5,6288	29,0000
5,6490	38,0000
5,6693	22,0000
5,6895	49,0000
5,7097	43,0000
5,7299	41,0000
5,7501	31,0000
5,7703	30,0000
5,7905	30,0000
5,8108	43,0000
5,8310	35,0000
5,8512	30,0000
5,8714	26,0000
5,8916	32,0000
5,9118	24,0000
5,9320	31,0000
5,9523	24,0000
5,9725	23,0000
5,9927	23,0000
6,0129	20,0000
6,0331	23,0000
6,0533	24,0000
6,0735	23,0000
6,0937	8,0000
6,1140	17,0000
6,1342	25,0000
6,1544	20,0000
6,1746	14,0000
6,1948	12,0000
6,2150	15,0000
6,2352	18,0000
6,2555	19,0000
6,2757	20,0000
6,2959	15,0000
6,3161	21,0000
6,3363	19,0000
6,3565	19,0000
6,3767	23,0000
6,3969	25,0000
6,4172	18,0000
6,4374	21,0000
6,4576	21,0000
6,4778	19,0000
6,4980	13,0000
6,5182	24,0000
6,5384	12,0000
6,5587	23,0000
6,5789	23,0000
6,5991	20,0000
6,6193	13,0000
6,6395	17,0000
6,6597	21,0000
6,6799	13,0000
6,7001	11,0000
6,7204	11,0000
6,7406	15,0000
6,7608	9,0000
6,7810	19,0000
6,8012	21,0000
6,8214	18,0000
6,8416	15,0000
6,8619	18,0000
6,8821	17,0000
6,9023	19,0000
6,9225	14,0000
6,9427	13,0000
6,9629	14,0000
6,9831	12,0000
7,0033	13,0000
7,0236	17,0000
7,0438	9,0000
7,0640	17,0000
7,0842	15,0000
7,1044	15,0000
7,1246	11,0000
7,1448	14,0000
7,1651	14,0000
7,1853	20,0000
7,2055	11,0000
7,2257	15,0000
7,2459	14,0000
7,2661	8,0000
7,2863	13,0000
7,3065	17,0000
7,3268	12,0000
7,3470	15,0000
7,3672	13,0000
7,3874	18,0000
7,4076	14,0000
7,4278	14,0000
7,4480	8,0000
7,4683	9,0000
7,4885	19,0000
7,5087	9,0000
7,5289	13,0000
7,5491	8,0000
7,5693	12,0000
7,5895	12,0000
7,6097	7,0000
7,6300	15,0000
7,6502	5,0000
7,6704	12,0000
7,6906	11,0000
7,7108	6,0000
7,7310	7,0000
7,7512	12,0000
7,7715	15,0000
7,7917	13,0000
7,8119	15,0000
7,8321	12,0000
7,8523	8,0000
7,8725	16,0000
7,8927	7,0000
7,9129	7,0000
7,9332	14,0000
7,9534	12,0000
7,9736	9,0000
7,9938	7,0000
8,0140	7,0000
8,0342	12,0000
8,0544	11,0000
8,0747	7,0000
8,0949	11,0000
8,1151	11,0000
8,1353	12,0000
8,1555	15,0000
8,1757	8,0000
8,1959	11,0000
8,2162	6,0000
8,2364	11,0000
8,2566	7,0000
8,2768	11,0000
8,2970	9,0000
8,3172	9,0000
8,3374	9,0000
8,3576	12,0000
8,3779	13,0000
8,3981	8,0000
8,4183	12,0000
8,4385	12,0000
8,4587	6,0000
8,4789	13,0000
8,4991	14,0000
8,5194	11,0000
8,5396	7,0000
8,5598	6,0000
8,5800	11,0000
8,6002	5,0000
8,6204	14,0000
8,6406	8,0000
8,6608	5,0000
8,6811	9,0000
8,7013	12,0000
8,7215	8,0000
8,7417	7,0000
8,7619	14,0000
8,7821	9,0000
8,8023	6,0000
8,8226	8,0000
8,8428	9,0000
8,8630	7,0000
8,8832	7,0000
8,9034	11,0000
8,9236	7,0000
8,9438	7,0000
8,9640	12,0000
8,9843	11,0000
9,0045	7,0000
9,0247	10,0000
9,0449	16,0000
9,0651	13,0000
9,0853	13,0000
9,1055	8,0000
9,1258	10,0000
9,1460	7,0000
9,1662	7,0000
9,1864	8,0000
9,2066	8,0000
9,2268	7,0000
9,2470	3,0000
9,2672	9,0000
9,2875	10,0000
9,3077	12,0000
9,3279	8,0000
9,3481	7,0000
9,3683	5,0000
9,3885	10,0000
9,4087	6,0000
9,4290	10,0000
9,4492	12,0000
9,4694	10,0000
9,4896	7,0000
9,5098	14,0000
9,5300	7,0000
9,5502	5,0000
9,5704	12,0000
9,5907	12,0000
9,6109	8,0000
9,6311	8,0000
9,6513	12,0000
9,6715	16,0000
9,6917	8,0000
9,7119	13,0000
9,7322	8,0000
9,7524	8,0000
9,7726	10,0000
9,7928	15,0000
9,8130	9,0000
9,8332	12,0000
9,8534	17,0000
9,8736	9,0000
9,8939	8,0000
9,9141	8,0000
9,9343	6,0000
9,9545	9,0000
9,9747	14,0000
9,9949	5,0000
10,0151	13,0000
10,0354	7,0000
10,0556	8,0000
10,0758	10,0000
10,0960	14,0000
10,1162	6,0000
10,1364	9,0000
10,1566	5,0000
10,1768	13,0000
10,1971	9,0000
10,2173	10,0000
10,2375	9,0000
10,2577	13,0000
10,2779	3,0000
10,2981	5,0000
10,3183	3,0000
10,3386	12,0000
10,3588	7,0000
10,3790	5,0000
10,3992	3,0000
10,4194	9,0000
10,4396	5,0000
10,4598	8,0000
10,4801	14,0000
10,5003	12,0000
10,5205	6,0000
10,5407	12,0000
10,5609	10,0000
10,5811	8,0000
10,6013	13,0000
10,6215	8,0000
10,6418	12,0000
10,6620	15,0000
10,6822	9,0000
10,7024	8,0000
10,7226	13,0000
10,7428	14,0000
10,7630	9,0000
10,7833	14,0000
10,8035	10,0000
10,8237	8,0000
10,8439	5,0000
10,8641	8,0000
10,8843	10,0000
10,9045	9,0000
10,9247	12,0000
10,9450	10,0000
10,9652	7,0000
10,9854	13,0000
11,0056	13,0000
11,0258	5,0000
11,0460	16,0000
11,0662	11,0000
11,0865	6,0000
11,1067	9,0000
11,1269	21,0000
11,1471	1,0000
11,1673	9,0000
11,1875	10,0000
11,2077	10,0000
11,2279	13,0000
11,2482	6,0000
11,2684	13,0000
11,2886	5,0000
11,3088	10,0000
11,3290	6,0000
11,3492	10,0000
11,3694	6,0000
11,3897	7,0000
11,4099	10,0000
11,4301	5,0000
11,4503	7,0000
11,4705	6,0000
11,4907	9,0000
11,5109	6,0000
11,5311	13,0000
11,5514	10,0000
11,5716	8,0000
11,5918	6,0000
11,6120	8,0000
11,6322	8,0000
11,6524	6,0000
11,6726	3,0000
11,6929	8,0000
11,7131	17,0000
11,7333	9,0000
11,7535	11,0000
11,7737	5,0000
11,7939	6,0000
11,8141	11,0000
11,8343	6,0000
11,8546	6,0000
11,8748	9,0000
11,8950	6,0000
11,9152	7,0000
11,9354	8,0000
11,9556	10,0000
11,9758	15,0000
11,9961	9,0000
12,0163	8,0000
12,0365	14,0000
12,0567	9,0000
12,0769	6,0000
12,0971	6,0000
12,1173	9,0000
12,1375	10,0000
12,1578	9,0000
12,1780	7,0000
12,1982	7,0000
12,2184	6,0000
12,2386	8,0000
12,2588	7,0000
12,2790	6,0000
12,2993	14,0000
12,3195	7,0000
12,3397	6,0000
12,3599	9,0000
12,3801	6,0000
12,4003	7,0000
12,4205	5,0000
12,4408	7,0000
12,4610	11,0000
12,4812	11,0000
12,5014	7,0000
12,5216	6,0000
12,5418	14,0000
12,5620	10,0000
12,5822	9,0000
12,6025	3,0000
12,6227	6,0000
12,6429	6,0000
12,6631	10,0000
12,6833	7,0000
12,7035	11,0000
12,7237	5,0000
12,7440	7,0000
12,7642	7,0000
12,7844	8,0000
12,8046	6,0000
12,8248	7,0000
12,8450	5,0000
12,8652	9,0000
12,8854	5,0000
12,9057	7,0000
12,9259	12,0000
12,9461	9,0000
12,9663	10,0000
12,9865	8,0000
13,0067	3,0000
13,0269	9,0000
13,0472	8,0000
13,0674	5,0000
13,0876	10,0000
13,1078	1,0000
13,1280	11,0000
13,1482	11,0000
13,1684	3,0000
13,1886	7,0000
13,2089	11,0000
13,2291	11,0000
13,2493	9,0000
13,2695	8,0000
13,2897	6,0000
13,3099	5,0000
13,3301	9,0000
13,3504	7,0000
13,3706	8,0000
13,3908	7,0000
13,4110	7,0000
13,4312	9,0000
13,4514	7,0000
13,4716	8,0000
13,4918	2,0000
13,5121	5,0000
13,5323	5,0000
13,5525	12,0000
13,5727	6,0000
13,5929	8,0000
13,6131	9,0000
13,6333	5,0000
13,6536	9,0000
13,6738	11,0000
13,6940	6,0000
13,7142	7,0000
13,7344	11,0000
13,7546	8,0000
13,7748	11,0000
13,7950	2,0000
13,8153	8,0000
13,8355	6,0000
13,8557	7,0000
13,8759	15,0000
13,8961	6,0000
13,9163	3,0000
13,9365	5,0000
13,9568	7,0000
13,9770	6,0000
13,9972	6,0000
14,0174	3,0000
14,0376	6,0000
14,0578	12,0000
14,0780	8,0000
14,0982	9,0000
14,1185	7,0000
14,1387	11,0000
14,1589	8,0000
14,1791	7,0000
14,1993	8,0000
14,2195	10,0000
14,2397	3,0000
14,2600	7,0000
14,2802	6,0000
14,3004	6,0000
14,3206	7,0000
14,3408	4,0000
14,3610	7,0000
14,3812	10,0000
14,4014	11,0000
14,4217	2,0000
14,4419	9,0000
14,4621	8,0000
14,4823	6,0000
14,5025	9,0000
14,5227	10,0000
14,5429	9,0000
14,5632	10,0000
14,5834	4,0000
14,6036	10,0000
14,6238	15,0000
14,6440	9,0000
14,6642	11,0000
14,6844	11,0000
14,7047	10,0000
14,7249	7,0000
14,7451	9,0000
14,7653	12,0000
14,7855	10,0000
14,8057	9,0000
14,8259	11,0000
14,8461	8,0000
14,8664	4,0000
14,8866	9,0000
14,9068	9,0000
14,9270	8,0000
14,9472	8,0000
14,9674	7,0000
14,9876	8,0000
15,0079	3,0000
15,0281	4,0000
15,0483	8,0000
15,0685	15,0000
15,0887	9,0000
15,1089	7,0000
15,1291	4,0000
15,1493	6,0000
15,1696	9,0000
15,1898	6,0000
15,2100	2,0000
15,2302	7,0000
15,2504	4,0000
15,2706	11,0000
15,2908	6,0000
15,3111	7,0000
15,3313	9,0000
15,3515	2,0000
15,3717	6,0000
15,3919	9,0000
15,4121	6,0000
15,4323	7,0000
15,4525	10,0000
15,4728	10,0000
15,4930	3,0000
15,5132	7,0000
15,5334	15,0000
15,5536	11,0000
15,5738	8,0000
15,5940	13,0000
15,6143	7,0000
15,6345	10,0000
15,6547	7,0000
15,6749	2,0000
15,6951	8,0000
15,7153	7,0000
15,7355	2,0000
15,7557	12,0000
15,7760	11,0000
15,7962	3,0000
15,8164	11,0000
15,8366	7,0000
15,8568	13,0000
15,8770	6,0000
15,8972	10,0000
15,9175	11,0000
15,9377	4,0000
15,9579	7,0000
15,9781	6,0000
15,9983	10,0000
16,0185	9,0000
16,0387	9,0000
16,0589	11,0000
16,0792	8,0000
16,0994	6,0000
16,1196	8,0000
16,1398	12,0000
16,1600	6,0000
16,1802	7,0000
16,2004	10,0000
16,2207	10,0000
16,2409	2,0000
16,2611	4,0000
16,2813	14,0000
16,3015	12,0000
16,3217	8,0000
16,3419	4,0000
16,3621	9,0000
16,3824	11,0000
16,4026	8,0000
16,4228	4,0000
16,4430	10,0000
16,4632	10,0000
16,4834	6,0000
16,5036	8,0000
16,5239	7,0000
16,5441	4,0000
16,5643	6,0000
16,5845	8,0000
16,6047	2,0000
16,6249	6,0000
16,6451	4,0000
16,6653	7,0000
16,6856	3,0000
16,7058	8,0000
16,7260	8,0000
16,7462	9,0000
16,7664	9,0000
16,7866	8,0000
16,8068	8,0000
16,8271	12,0000
16,8473	10,0000
16,8675	10,0000
16,8877	9,0000
16,9079	11,0000
16,9281	7,0000
16,9483	11,0000
16,9686	11,0000
16,9888	10,0000
17,0090	8,0000
17,0292	10,0000
17,0494	10,0000
17,0696	10,0000
17,0898	11,0000
17,1100	9,0000
17,1303	11,0000
17,1505	4,0000
17,1707	3,0000
17,1909	6,0000
17,2111	6,0000
17,2313	7,0000
17,2515	3,0000
17,2718	6,0000
17,2920	6,0000
17,3122	8,0000
17,3324	9,0000
17,3526	8,0000
17,3728	6,0000
17,3930	7,0000
17,4132	1,0000
17,4335	3,0000
17,4537	2,0000
17,4739	10,0000
17,4941	8,0000
17,5143	10,0000
17,5345	7,0000
17,5547	11,0000
17,5750	7,0000
17,5952	6,0000
17,6154	6,0000
17,6356	15,0000
17,6558	4,0000
17,6760	9,0000
17,6962	9,0000
17,7164	10,0000
17,7367	2,0000
17,7569	8,0000
17,7771	3,0000
17,7973	9,0000
17,8175	1,0000
17,8377	8,0000
17,8579	8,0000
17,8782	8,0000
17,8984	7,0000
17,9186	8,0000
17,9388	8,0000
17,9590	4,0000
17,9792	11,0000
17,9994	14,0000
18,0196	7,0000
18,0399	8,0000
18,0601	4,0000
18,0803	11,0000
18,1005	5,0000
18,1207	10,0000
18,1409	8,0000
18,1611	7,0000
18,1814	3,0000
18,2016	7,0000
18,2218	7,0000
18,2420	8,0000
18,2622	8,0000
18,2824	10,0000
18,3026	7,0000
18,3228	4,0000
18,3431	7,0000
18,3633	7,0000
18,3835	3,0000
18,4037	9,0000
18,4239	1,0000
18,4441	7,0000
18,4643	10,0000
18,4846	12,0000
18,5048	7,0000
18,5250	11,0000
18,5452	5,0000
18,5654	10,0000
18,5856	5,0000
18,6058	5,0000
18,6260	16,0000
18,6463	8,0000
18,6665	4,0000
18,6867	4,0000
18,7069	8,0000
18,7271	3,0000
18,7473	3,0000
18,7675	8,0000
18,7878	8,0000
18,8080	7,0000
18,8282	10,0000
18,8484	5,0000
18,8686	3,0000
18,8888	10,0000
18,9090	5,0000
18,9293	11,0000
18,9495	7,0000
18,9697	4,0000
18,9899	4,0000
19,0101	11,0000
19,0303	4,0000
19,0505	7,0000
19,0707	7,0000
19,0910	10,0000
19,1112	7,0000
19,1314	10,0000
19,1516	13,0000
19,1718	9,0000
19,1920	7,0000
19,2122	5,0000
19,2325	9,0000
19,2527	4,0000
19,2729	7,0000
19,2931	3,0000
19,3133	10,0000
19,3335	12,0000
19,3537	7,0000
19,3739	2,0000
19,3942	2,0000
19,4144	4,0000
19,4346	9,0000
19,4548	8,0000
19,4750	8,0000
19,4952	7,0000
19,5154	5,0000
19,5357	8,0000
19,5559	10,0000
19,5761	13,0000
19,5963	9,0000
19,6165	8,0000
19,6367	5,0000
19,6569	9,0000
19,6771	10,0000
19,6974	5,0000
19,7176	7,0000
19,7378	10,0000
19,7580	8,0000
19,7782	4,0000
19,7984	7,0000
19,8186	3,0000
19,8389	7,0000
19,8591	9,0000
19,8793	9,0000
19,8995	10,0000
19,9197	10,0000
19,9399	10,0000
19,9601	8,0000
19,9803	10,0000
20,0006	9,0000
20,0208	5,0000
20,0410	9,0000
20,0612	4,0000
20,0814	7,0000
20,1016	3,0000
20,1218	5,0000
20,1421	4,0000
20,1623	8,0000
20,1825	7,0000
20,2027	7,0000
20,2229	5,0000
20,2431	7,0000
20,2633	4,0000
20,2835	9,0000
20,3038	5,0000
20,3240	4,0000
20,3442	3,0000
20,3644	15,0000
20,3846	7,0000
20,4048	4,0000
20,4250	4,0000
20,4453	10,0000
20,4655	8,0000
20,4857	5,0000
20,5059	3,0000
20,5261	9,0000
20,5463	6,0000
20,5665	5,0000
20,5867	11,0000
20,6070	5,0000
20,6272	5,0000
20,6474	9,0000
20,6676	3,0000
20,6878	13,0000
20,7080	3,0000
20,7282	5,0000
20,7485	6,0000
20,7687	3,0000
20,7889	5,0000
20,8091	6,0000
20,8293	1,0000
20,8495	3,0000
20,8697	8,0000
20,8899	5,0000
20,9102	4,0000
20,9304	8,0000
20,9506	3,0000
20,9708	10,0000
20,9910	8,0000
21,0112	4,0000
21,0314	5,0000
21,0517	10,0000
21,0719	11,0000
21,0921	12,0000
21,1123	3,0000
21,1325	8,0000
21,1527	5,0000
21,1729	4,0000
21,1932	5,0000
21,2134	8,0000
21,2336	10,0000
21,2538	5,0000
21,2740	6,0000
21,2942	3,0000
21,3144	3,0000
21,3346	4,0000
21,3549	3,0000
21,3751	3,0000
21,3953	8,0000
21,4155	9,0000
21,4357	8,0000
21,4559	3,0000
21,4761	6,0000
21,4964	13,0000
21,5166	6,0000
21,5368	3,0000
21,5570	10,0000
21,5772	10,0000
21,5974	8,0000
21,6176	3,0000
21,6378	5,0000
21,6581	9,0000
21,6783	3,0000
21,6985	4,0000
21,7187	4,0000
21,7389	5,0000
21,7591	6,0000
21,7793	4,0000
21,7996	9,0000
21,8198	5,0000
21,8400	3,0000
21,8602	2,0000
21,8804	9,0000
21,9006	5,0000
21,9208	4,0000
21,9410	6,0000
21,9613	8,0000
21,9815	8,0000
22,0017	5,0000
22,0219	12,0000
22,0421	8,0000
22,0623	10,0000
22,0825	5,0000
22,1028	12,0000
22,1230	8,0000
22,1432	2,0000
22,1634	2,0000
22,1836	5,0000
22,2038	2,0000
22,2240	3,0000
22,2442	6,0000
22,2645	8,0000
22,2847	6,0000
22,3049	8,0000
22,3251	4,0000
22,3453	4,0000
22,3655	9,0000
22,3857	6,0000
22,4060	7,0000
22,4262	13,0000
22,4464	5,0000
22,4666	5,0000
22,4868	6,0000
22,5070	7,0000
22,5272	3,0000
22,5474	7,0000
22,5677	9,0000
22,5879	7,0000
22,6081	12,0000
22,6283	13,0000
22,6485	12,0000
22,6687	9,0000
22,6889	10,0000
22,7092	10,0000
22,7294	12,0000
22,7496	7,0000
22,7698	18,0000
22,7900	9,0000
22,8102	11,0000
22,8304	9,0000
22,8506	6,0000
22,8709	4,0000
22,8911	2,0000
22,9113	5,0000
22,9315	0,0000
22,9517	7,0000
22,9719	3,0000
22,9921	6,0000
23,0124	6,0000
23,0326	5,0000
23,0528	4,0000
23,0730	5,0000
23,0932	5,0000
23,1134	9,0000
23,1336	6,0000
23,1538	6,0000
23,1741	2,0000
23,1943	3,0000
23,2145	3,0000
23,2347	6,0000
23,2549	6,0000
23,2751	4,0000
23,2953	7,0000
23,3156	6,0000
23,3358	6,0000
23,3560	4,0000
23,3762	3,0000
23,3964	4,0000
23,4166	5,0000
23,4368	3,0000
23,4571	6,0000
23,4773	4,0000
23,4975	5,0000
23,5177	11,0000
23,5379	2,0000
23,5581	9,0000
23,5783	10,0000
23,5985	5,0000
23,6188	2,0000
23,6390	6,0000
23,6592	6,0000
23,6794	7,0000
23,6996	7,0000
23,7198	4,0000
23,7400	6,0000
23,7603	6,0000
23,7805	5,0000
23,8007	5,0000
23,8209	10,0000
23,8411	0,0000
23,8613	8,0000
23,8815	7,0000
23,9017	6,0000
23,9220	2,0000
23,9422	5,0000
23,9624	7,0000
23,9826	4,0000
24,0028	8,0000
24,0230	3,0000
24,0432	3,0000
24,0635	1,0000
24,0837	4,0000
24,1039	0,0000
24,1241	7,0000
24,1443	1,0000
24,1645	3,0000
24,1847	2,0000
24,2049	3,0000
24,2252	3,0000
24,2454	4,0000
24,2656	6,0000
24,2858	10,0000
24,3060	2,0000
24,3262	8,0000
24,3464	4,0000
24,3667	3,0000
24,3869	2,0000
24,4071	3,0000
24,4273	4,0000
24,4475	3,0000
24,4677	3,0000
24,4879	6,0000
24,5081	10,0000
24,5284	3,0000
24,5486	2,0000
24,5688	8,0000
24,5890	4,0000
24,6092	3,0000
24,6294	8,0000
24,6496	5,0000
24,6699	1,0000
24,6901	5,0000
24,7103	3,0000
24,7305	5,0000
24,7507	6,0000
24,7709	4,0000
24,7911	2,0000
24,8113	2,0000
24,8316	7,0000
24,8518	6,0000
24,8720	5,0000
24,8922	2,0000
24,9124	6,0000
24,9326	2,0000
24,9528	5,0000
24,9731	6,0000
24,9933	2,0000
25,0135	3,0000
25,0337	4,0000
25,0539	4,0000
25,0741	6,0000
25,0943	4,0000
25,1145	1,0000
25,1348	5,0000
25,1550	6,0000
25,1752	3,0000
25,1954	3,0000
25,2156	3,0000
25,2358	1,0000
25,2560	5,0000
25,2763	9,0000
25,2965	5,0000
25,3167	1,0000
25,3369	3,0000
25,3571	4,0000
25,3773	5,0000
25,3975	3,0000
25,4178	4,0000
25,4380	4,0000
25,4582	3,0000
25,4784	3,0000
25,4986	2,0000
25,5188	0,0000
25,5390	4,0000
25,5592	5,0000
25,5795	4,0000
25,5997	3,0000
25,6199	2,0000
25,6401	3,0000
25,6603	7,0000
25,6805	1,0000
25,7007	2,0000
25,7210	1,0000
25,7412	4,0000
25,7614	0,0000
25,7816	4,0000
25,8018	2,0000
25,8220	5,0000
25,8422	2,0000
25,8624	1,0000
25,8827	4,0000
25,9029	1,0000
25,9231	9,0000
25,9433	4,0000
25,9635	3,0000
25,9837	2,0000
26,0039	2,0000
26,0242	4,0000
26,0444	11,0000
26,0646	2,0000
26,0848	3,0000
26,1050	2,0000
26,1252	3,0000
26,1454	2,0000
26,1656	2,0000
26,1859	6,0000
26,2061	3,0000
26,2263	3,0000
26,2465	4,0000
26,2667	3,0000
26,2869	3,0000
26,3071	4,0000
26,3274	4,0000
26,3476	6,0000
26,3678	2,0000
26,3880	3,0000
26,4082	0,0000
26,4284	2,0000
26,4486	3,0000
26,4688	3,0000
26,4891	5,0000
26,5093	2,0000
26,5295	6,0000
26,5497	2,0000
26,5699	5,0000
26,5901	1,0000
26,6103	4,0000
26,6306	2,0000
26,6508	4,0000
26,6710	7,0000
26,6912	2,0000
26,7114	4,0000
26,7316	2,0000
26,7518	2,0000
26,7720	3,0000
26,7923	2,0000
26,8125	1,0000
26,8327	2,0000
26,8529	4,0000
26,8731	2,0000
26,8933	3,0000
26,9135	3,0000
26,9338	2,0000
26,9540	1,0000
26,9742	2,0000
26,9944	8,0000
27,0146	3,0000
27,0348	2,0000
27,0550	4,0000
27,0752	3,0000
27,0955	3,0000
27,1157	3,0000
27,1359	3,0000
27,1561	2,0000
27,1763	2,0000
27,1965	1,0000
27,2167	3,0000
27,2370	5,0000
27,2572	7,0000
27,2774	2,0000
27,2976	1,0000
27,3178	1,0000
27,3380	2,0000
27,3582	2,0000
27,3784	0,0000
27,3987	4,0000
27,4189	3,0000
27,4391	4,0000
27,4593	1,0000
27,4795	2,0000
27,4997	1,0000
27,5199	2,0000
27,5402	3,0000
27,5604	0,0000
27,5806	2,0000
27,6008	0,0000
27,6210	1,0000
27,6412	2,0000
27,6614	1,0000
27,6817	6,0000
27,7019	2,0000
27,7221	3,0000
27,7423	3,0000
27,7625	1,0000
27,7827	2,0000
27,8029	0,0000
27,8231	1,0000
27,8434	7,0000
27,8636	0,0000
27,8838	0,0000
27,9040	3,0000
27,9242	0,0000
27,9444	6,0000
27,9646	5,0000
27,9849	1,0000
28,0051	2,0000
28,0253	1,0000
28,0455	2,0000
28,0657	3,0000
28,0859	3,0000
28,1061	2,0000
28,1263	3,0000
28,1466	0,0000
28,1668	4,0000
28,1870	1,0000
28,2072	2,0000
28,2274	1,0000
28,2476	1,0000
28,2678	1,0000
28,2881	0,0000
28,3083	3,0000
28,3285	1,0000
28,3487	2,0000
28,3689	6,0000
28,3891	1,0000
28,4093	2,0000
28,4295	1,0000
28,4498	4,0000
28,4700	1,0000
28,4902	3,0000
28,5104	3,0000
28,5306	3,0000
28,5508	1,0000
28,5710	2,0000
28,5913	3,0000
28,6115	0,0000
28,6317	0,0000
28,6519	1,0000
28,6721	1,0000
28,6923	0,0000
28,7125	0,0000
28,7327	1,0000
28,7530	6,0000
28,7732	4,0000
28,7934	4,0000
28,8136	1,0000
28,8338	3,0000
28,8540	0,0000
28,8742	0,0000
28,8945	0,0000
28,9147	3,0000
28,9349	1,0000
28,9551	3,0000
28,9753	2,0000
28,9955	5,0000
29,0157	1,0000
29,0359	3,0000
29,0562	3,0000
29,0764	5,0000
29,0966	4,0000
29,1168	2,0000
29,1370	2,0000
29,1572	3,0000
29,1774	5,0000
29,1977	1,0000
29,2179	4,0000
29,2381	3,0000
29,2583	7,0000
29,2785	6,0000
29,2987	0,0000
29,3189	3,0000
29,3391	2,0000
29,3594	2,0000
29,3796	5,0000
29,3998	1,0000
29,4200	1,0000
29,4402	0,0000
29,4604	3,0000
29,4806	0,0000
29,5009	0,0000
29,5211	0,0000
29,5413	2,0000
29,5615	4,0000
29,5817	1,0000
29,6019	1,0000
29,6221	1,0000
29,6423	3,0000
29,6626	2,0000
29,6828	1,0000
29,7030	1,0000
29,7232	3,0000
29,7434	2,0000
29,7636	2,0000
29,7838	2,0000
29,8041	2,0000
29,8243	0,0000
29,8445	1,0000
29,8647	2,0000
29,8849	4,0000
29,9051	0,0000
29,9253	2,0000
29,9456	1,0000
29,9658	2,0000
29,9860	0,0000
30,0062	1,0000
30,0264	1,0000
30,0466	2,0000
30,0668	1,0000
30,0870	1,0000
30,1073	4,0000
30,1275	1,0000
30,1477	1,0000
30,1679	4,0000
30,1881	3,0000
30,2083	1,0000
30,2285	0,0000
30,2488	1,0000
30,2690	1,0000
30,2892	3,0000
30,3094	1,0000
30,3296	0,0000
30,3498	1,0000
30,3700	0,0000
30,3902	0,0000
30,4105	1,0000
30,4307	0,0000
30,4509	0,0000
30,4711	3,0000
30,4913	2,0000
30,5115	0,0000
30,5317	0,0000
30,5520	0,0000
30,5722	0,0000
30,5924	2,0000
30,6126	1,0000
30,6328	1,0000
30,6530	3,0000
30,6732	1,0000
30,6934	0,0000
30,7137	1,0000
30,7339	4,0000
30,7541	0,0000
30,7743	2,0000
30,7945	0,0000
30,8147	0,0000
30,8349	4,0000
30,8552	3,0000
30,8754	3,0000
30,8956	2,0000
30,9158	0,0000
30,9360	0,0000
30,9562	2,0000
30,9764	1,0000
30,9966	5,0000
31,0169	2,0000
31,0371	2,0000
31,0573	3,0000
31,0775	2,0000
31,0977	1,0000
31,1179	2,0000
31,1381	8,0000
31,1584	3,0000
31,1786	6,0000
31,1988	3,0000
31,2190	8,0000
31,2392	10,0000
31,2594	8,0000
31,2796	15,0000
31,2998	18,0000
31,3201	17,0000
31,3403	19,0000
31,3605	13,0000
31,3807	21,0000
31,4009	13,0000
31,4211	12,0000
31,4413	17,0000
31,4616	12,0000
31,4818	13,0000
31,5020	16,0000
31,5222	21,0000
31,5424	18,0000
31,5626	13,0000
31,5828	18,0000
31,6030	20,0000
31,6233	16,0000
31,6435	15,0000
31,6637	14,0000
31,6839	17,0000
31,7041	18,0000
31,7243	22,0000
31,7445	17,0000
31,7648	23,0000
31,7850	13,0000
31,8052	13,0000
31,8254	23,0000
31,8456	17,0000
31,8658	22,0000
31,8860	15,0000
31,9063	14,0000
31,9265	20,0000
31,9467	25,0000
31,9669	14,0000
31,9871	16,0000
32,0073	24,0000
32,0275	18,0000
32,0477	11,0000
32,0680	21,0000
32,0882	17,0000
32,1084	19,0000
32,1286	31,0000
32,1488	32,0000
32,1690	35,0000
32,1892	46,0000
32,2095	65,0000
32,2297	66,0000
32,2499	91,0000
32,2701	115,0000
32,2903	154,0000
32,3105	204,0000
32,3307	245,0000
32,3509	340,0000
32,3712	334,0000
32,3914	305,0000
32,4116	237,0000
32,4318	152,0000
32,4520	172,0000
32,4722	144,0000
32,4924	78,0000
32,5127	43,0000
32,5329	33,0000
32,5531	29,0000
32,5733	17,0000
32,5935	22,0000
32,6137	32,0000
32,6339	28,0000
32,6541	12,0000
32,6744	28,0000
32,6946	14,0000
32,7148	9,0000
32,7350	20,0000
32,7552	24,0000
32,7754	18,0000
32,7956	20,0000
32,8159	13,0000
32,8361	22,0000
32,8563	24,0000
32,8765	12,0000
32,8967	20,0000
32,9169	16,0000
32,9371	15,0000
32,9573	16,0000
32,9776	16,0000
32,9978	16,0000
33,0180	17,0000
33,0382	13,0000
33,0584	11,0000
33,0786	14,0000
33,0988	23,0000
33,1191	20,0000
33,1393	17,0000
33,1595	10,0000
33,1797	16,0000
33,1999	14,0000
33,2201	14,0000
33,2403	10,0000
33,2605	18,0000
33,2808	17,0000
33,3010	12,0000
33,3212	15,0000
33,3414	18,0000
33,3616	13,0000
33,3818	17,0000
33,4020	17,0000
33,4223	12,0000
33,4425	17,0000
33,4627	20,0000
33,4829	13,0000
33,5031	17,0000
33,5233	13,0000
33,5435	19,0000
33,5637	16,0000
33,5840	15,0000
33,6042	21,0000
33,6244	24,0000
33,6446	16,0000
33,6648	12,0000
33,6850	16,0000
33,7052	17,0000
33,7255	12,0000
33,7457	14,0000
33,7659	10,0000
33,7861	18,0000
33,8063	18,0000
33,8265	19,0000
33,8467	15,0000
33,8669	19,0000
33,8872	11,0000
33,9074	11,0000
33,9276	12,0000
33,9478	21,0000
33,9680	17,0000
33,9882	12,0000
34,0084	10,0000
34,0287	20,0000
34,0489	15,0000
34,0691	14,0000
34,0893	10,0000
34,1095	14,0000
34,1297	16,0000
34,1499	16,0000
34,1702	9,0000
34,1904	11,0000
34,2106	15,0000
34,2308	13,0000
34,2510	15,0000
34,2712	12,0000
34,2914	16,0000
34,3116	14,0000
34,3319	6,0000
34,3521	8,0000
34,3723	7,0000
34,3925	23,0000
34,4127	9,0000
34,4329	13,0000
34,4531	17,0000
34,4734	13,0000
34,4936	7,0000
34,5138	12,0000
34,5340	9,0000
34,5542	17,0000
34,5744	10,0000
34,5946	9,0000
34,6148	19,0000
34,6351	14,0000
34,6553	13,0000
34,6755	10,0000
34,6957	10,0000
34,7159	12,0000
34,7361	15,0000
34,7563	12,0000
34,7766	10,0000
34,7968	10,0000
34,8170	6,0000
34,8372	27,0000
34,8574	9,0000
34,8776	15,0000
34,8978	12,0000
34,9180	10,0000
34,9383	9,0000
34,9585	4,0000
34,9787	13,0000
34,9989	13,0000
35,0191	7,0000
35,0393	5,0000
35,0595	13,0000
35,0798	19,0000
35,1000	14,0000
35,1202	8,0000
35,1404	10,0000
35,1606	14,0000
35,1808	11,0000
35,2010	9,0000
35,2212	10,0000
35,2415	12,0000
35,2617	15,0000
35,2819	7,0000
35,3021	12,0000
35,3223	8,0000
35,3425	10,0000
35,3627	15,0000
35,3830	6,0000
35,4032	11,0000
35,4234	9,0000
35,4436	8,0000
35,4638	12,0000
35,4840	10,0000
35,5042	11,0000
35,5244	13,0000
35,5447	11,0000
35,5649	13,0000
35,5851	9,0000
35,6053	10,0000
35,6255	10,0000
35,6457	9,0000
35,6659	7,0000
35,6862	7,0000
35,7064	7,0000
35,7266	8,0000
35,7468	5,0000
35,7670	7,0000
35,7872	10,0000
35,8074	6,0000
35,8276	20,0000
35,8479	6,0000
35,8681	11,0000
35,8883	9,0000
35,9085	7,0000
35,9287	5,0000
35,9489	15,0000
35,9691	13,0000
35,9894	9,0000
36,0096	7,0000
36,0298	16,0000
36,0500	6,0000
36,0702	9,0000
36,0904	9,0000
36,1106	14,0000
36,1308	9,0000
36,1511	5,0000
36,1713	11,0000
36,1915	6,0000
36,2117	5,0000
36,2319	9,0000
36,2521	11,0000
36,2723	9,0000
36,2926	10,0000
36,3128	12,0000
36,3330	8,0000
36,3532	7,0000
36,3734	8,0000
36,3936	10,0000
36,4138	4,0000
36,4341	8,0000
36,4543	14,0000
36,4745	9,0000
36,4947	9,0000
36,5149	4,0000
36,5351	7,0000
36,5553	7,0000
36,5755	14,0000
36,5958	9,0000
36,6160	4,0000
36,6362	8,0000
36,6564	4,0000
36,6766	6,0000
36,6968	11,0000
36,7170	8,0000
36,7373	7,0000
36,7575	5,0000
36,7777	9,0000
36,7979	11,0000
36,8181	7,0000
36,8383	11,0000
36,8585	8,0000
36,8787	11,0000
36,8990	7,0000
36,9192	13,0000
36,9394	11,0000
36,9596	10,0000
36,9798	12,0000
37,0000	11,0000
37,0202	5,0000
37,0405	3,0000
37,0607	7,0000
37,0809	7,0000
37,1011	5,0000
37,1213	6,0000
37,1415	5,0000
37,1617	8,0000
37,1819	5,0000
37,2022	6,0000
37,2224	2,0000
37,2426	6,0000
37,2628	6,0000
37,2830	8,0000
37,3032	4,0000
37,3234	6,0000
37,3437	6,0000
37,3639	6,0000
37,3841	5,0000
37,4043	2,0000
37,4245	7,0000
37,4447	10,0000
37,4649	10,0000
37,4851	3,0000
37,5054	5,0000
37,5256	3,0000
37,5458	8,0000
37,5660	4,0000
37,5862	8,0000
37,6064	4,0000
37,6266	4,0000
37,6469	7,0000
37,6671	11,0000
37,6873	7,0000
37,7075	4,0000
37,7277	6,0000
37,7479	5,0000
37,7681	4,0000
37,7883	9,0000
37,8086	5,0000
37,8288	8,0000
37,8490	5,0000
37,8692	5,0000
37,8894	3,0000
37,9096	4,0000
37,9298	6,0000
37,9501	7,0000
37,9703	9,0000
37,9905	4,0000
38,0107	7,0000
38,0309	4,0000
38,0511	2,0000
38,0713	7,0000
38,0915	6,0000
38,1118	5,0000
38,1320	4,0000
38,1522	10,0000
38,1724	8,0000
38,1926	6,0000
38,2128	2,0000
38,2330	3,0000
38,2533	6,0000
38,2735	5,0000
38,2937	8,0000
38,3139	2,0000
38,3341	3,0000
38,3543	8,0000
38,3745	6,0000
38,3948	5,0000
38,4150	3,0000
38,4352	9,0000
38,4554	4,0000
38,4756	8,0000
38,4958	4,0000
38,5160	7,0000
38,5362	8,0000
38,5565	7,0000
38,5767	6,0000
38,5969	2,0000
38,6171	7,0000
38,6373	5,0000
38,6575	12,0000
38,6777	5,0000
38,6980	11,0000
38,7182	10,0000
38,7384	3,0000
38,7586	8,0000
38,7788	9,0000
38,7990	6,0000
38,8192	4,0000
38,8394	8,0000
38,8597	10,0000
38,8799	12,0000
38,9001	6,0000
38,9203	9,0000
38,9405	8,0000
38,9607	7,0000
38,9809	7,0000
39,0012	10,0000
39,0214	5,0000
39,0416	4,0000
39,0618	2,0000
39,0820	8,0000
39,1022	4,0000
39,1224	6,0000
39,1426	8,0000
39,1629	9,0000
39,1831	6,0000
39,2033	8,0000
39,2235	6,0000
39,2437	3,0000
39,2639	10,0000
39,2841	5,0000
39,3044	7,0000
39,3246	3,0000
39,3448	3,0000
39,3650	6,0000
39,3852	6,0000
39,4054	5,0000
39,4256	4,0000
39,4458	6,0000
39,4661	4,0000
39,4863	7,0000
39,5065	4,0000
39,5267	5,0000
39,5469	9,0000
39,5671	6,0000
39,5873	6,0000
39,6076	7,0000
39,6278	6,0000
39,6480	3,0000
39,6682	13,0000
39,6884	7,0000
39,7086	8,0000
39,7288	11,0000
39,7490	10,0000
39,7693	10,0000
39,7895	19,0000
39,8097	23,0000
39,8299	30,0000
39,8501	21,0000
39,8703	36,0000
39,8905	53,0000
39,9108	65,0000
39,9310	91,0000
39,9512	75,0000
39,9714	53,0000
39,9916	34,0000
40,0118	36,0000
40,0320	49,0000
40,0522	34,0000
40,0725	28,0000
40,0927	13,0000
40,1129	11,0000
40,1331	10,0000
40,1533	5,0000
40,1735	11,0000
40,1937	2,0000
40,2140	8,0000
40,2342	3,0000
40,2544	6,0000
40,2746	5,0000
40,2948	8,0000
40,3150	3,0000
40,3352	5,0000
40,3554	6,0000
40,3757	3,0000
40,3959	3,0000
40,4161	8,0000
40,4363	7,0000
40,4565	7,0000
40,4767	4,0000
40,4969	2,0000
40,5172	8,0000
40,5374	5,0000
40,5576	4,0000
40,5778	5,0000
40,5980	4,0000
40,6182	7,0000
40,6384	5,0000
40,6587	5,0000
40,6789	3,0000
40,6991	3,0000
40,7193	0,0000
40,7395	8,0000
40,7597	6,0000
40,7799	3,0000
40,8001	5,0000
40,8204	4,0000
40,8406	11,0000
40,8608	4,0000
40,8810	5,0000
40,9012	4,0000
40,9214	7,0000
40,9416	3,0000
40,9619	3,0000
40,9821	2,0000
41,0023	3,0000
41,0225	5,0000
41,0427	6,0000
41,0629	3,0000
41,0831	5,0000
41,1033	4,0000
41,1236	2,0000
41,1438	3,0000
41,1640	5,0000
41,1842	5,0000
41,2044	3,0000
41,2246	2,0000
41,2448	2,0000
41,2651	6,0000
41,2853	2,0000
41,3055	3,0000
41,3257	3,0000
41,3459	5,0000
41,3661	5,0000
41,3863	4,0000
41,4065	3,0000
41,4268	6,0000
41,4470	4,0000
41,4672	4,0000
41,4874	5,0000
41,5076	6,0000
41,5278	1,0000
41,5480	1,0000
41,5683	5,0000
41,5885	6,0000
41,6087	0,0000
41,6289	3,0000
41,6491	7,0000
41,6693	8,0000
41,6895	2,0000
41,7097	4,0000
41,7300	4,0000
41,7502	5,0000
41,7704	1,0000
41,7906	6,0000
41,8108	4,0000
41,8310	2,0000
41,8512	6,0000
41,8715	5,0000
41,8917	5,0000
41,9119	1,0000
41,9321	0,0000
41,9523	3,0000
41,9725	5,0000
41,9927	3,0000
42,0129	7,0000
42,0332	4,0000
42,0534	2,0000
42,0736	1,0000
42,0938	4,0000
42,1140	4,0000
42,1342	1,0000
42,1544	4,0000
42,1747	5,0000
42,1949	0,0000
42,2151	1,0000
42,2353	2,0000
42,2555	2,0000
42,2757	7,0000
42,2959	7,0000
42,3161	5,0000
42,3364	6,0000
42,3566	3,0000
42,3768	4,0000
42,3970	3,0000
42,4172	4,0000
42,4374	5,0000
42,4576	2,0000
42,4779	3,0000
42,4981	7,0000
42,5183	7,0000
42,5385	3,0000
42,5587	2,0000
42,5789	2,0000
42,5991	2,0000
42,6193	4,0000
42,6396	3,0000
42,6598	0,0000
42,6800	3,0000
42,7002	5,0000
42,7204	5,0000
42,7406	2,0000
42,7608	4,0000
42,7811	0,0000
42,8013	3,0000
42,8215	3,0000
42,8417	2,0000
42,8619	2,0000
42,8821	4,0000
42,9023	3,0000
42,9226	2,0000
42,9428	5,0000
42,9630	1,0000
42,9832	2,0000
43,0034	6,0000
43,0236	3,0000
43,0438	3,0000
43,0640	3,0000
43,0843	5,0000
43,1045	4,0000
43,1247	1,0000
43,1449	7,0000
43,1651	1,0000
43,1853	2,0000
43,2055	2,0000
43,2258	5,0000
43,2460	2,0000
43,2662	4,0000
43,2864	4,0000
43,3066	3,0000
43,3268	0,0000
43,3470	3,0000
43,3672	2,0000
43,3875	2,0000
43,4077	0,0000
43,4279	2,0000
43,4481	3,0000
43,4683	0,0000
43,4885	3,0000
43,5087	3,0000
43,5290	1,0000
43,5492	5,0000
43,5694	3,0000
43,5896	2,0000
43,6098	5,0000
43,6300	5,0000
43,6502	2,0000
43,6704	3,0000
43,6907	2,0000
43,7109	4,0000
43,7311	3,0000
43,7513	1,0000
43,7715	4,0000
43,7917	3,0000
43,8119	1,0000
43,8322	1,0000
43,8524	1,0000
43,8726	2,0000
43,8928	1,0000
43,9130	4,0000
43,9332	3,0000
43,9534	2,0000
43,9736	7,0000
43,9939	3,0000
44,0141	2,0000
44,0343	5,0000
44,0545	2,0000
44,0747	3,0000
44,0949	2,0000
44,1151	0,0000
44,1354	5,0000
44,1556	2,0000
44,1758	2,0000
44,1960	2,0000
44,2162	3,0000
44,2364	2,0000
44,2566	4,0000
44,2768	2,0000
44,2971	6,0000
44,3173	4,0000
44,3375	5,0000
44,3577	1,0000
44,3779	3,0000
44,3981	7,0000
44,4183	5,0000
44,4386	3,0000
44,4588	5,0000
44,4790	3,0000
44,4992	4,0000
44,5194	6,0000
44,5396	2,0000
44,5598	3,0000
44,5800	3,0000
44,6003	0,0000
44,6205	0,0000
44,6407	3,0000
44,6609	5,0000
44,6811	5,0000
44,7013	3,0000
44,7215	4,0000
44,7418	5,0000
44,7620	4,0000
44,7822	4,0000
44,8024	5,0000
44,8226	10,0000
44,8428	6,0000
44,8630	7,0000
44,8833	8,0000
44,9035	6,0000
44,9237	5,0000
44,9439	5,0000
44,9641	6,0000
44,9843	9,0000
45,0045	3,0000
45,0247	6,0000
45,0450	3,0000
45,0652	9,0000
45,0854	10,0000
45,1056	9,0000
45,1258	5,0000
45,1460	4,0000
45,1662	9,0000
45,1865	8,0000
45,2067	9,0000
45,2269	8,0000
45,2471	4,0000
45,2673	8,0000
45,2875	9,0000
45,3077	6,0000
45,3279	9,0000
45,3482	10,0000
45,3684	4,0000
45,3886	8,0000
45,4088	8,0000
45,4290	9,0000
45,4492	9,0000
45,4694	12,0000
45,4897	8,0000
45,5099	8,0000
45,5301	4,0000
45,5503	6,0000
45,5705	10,0000
45,5907	1,0000
45,6109	5,0000
45,6311	9,0000
45,6514	12,0000
45,6716	5,0000
45,6918	2,0000
45,7120	7,0000
45,7322	9,0000
45,7524	8,0000
45,7726	9,0000
45,7929	5,0000
45,8131	8,0000
45,8333	7,0000
45,8535	8,0000
45,8737	5,0000
45,8939	7,0000
45,9141	10,0000
45,9343	5,0000
45,9546	8,0000
45,9748	11,0000
45,9950	3,0000
46,0152	7,0000
46,0354	3,0000
46,0556	9,0000
46,0758	7,0000
46,0961	10,0000
46,1163	6,0000
46,1365	11,0000
46,1567	6,0000
46,1769	3,0000
46,1971	15,0000
46,2173	12,0000
46,2375	11,0000
46,2578	19,0000
46,2780	15,0000
46,2982	18,0000
46,3184	36,0000
46,3386	39,0000
46,3588	47,0000
46,3790	76,0000
46,3993	111,0000
46,4195	120,0000
46,4397	158,0000
46,4599	164,0000
46,4801	105,0000
46,5003	74,0000
46,5205	48,0000
46,5407	64,0000
46,5610	69,0000
46,5812	66,0000
46,6014	45,0000
46,6216	21,0000
46,6418	13,0000
46,6620	12,0000
46,6822	10,0000
46,7025	10,0000
46,7227	9,0000
46,7429	8,0000
46,7631	9,0000
46,7833	8,0000
46,8035	5,0000
46,8237	5,0000
46,8439	7,0000
46,8642	9,0000
46,8844	3,0000
46,9046	8,0000
46,9248	10,0000
46,9450	7,0000
46,9652	3,0000
46,9854	6,0000
47,0057	4,0000
47,0259	6,0000
47,0461	9,0000
47,0663	4,0000
47,0865	9,0000
47,1067	6,0000
47,1269	12,0000
47,1472	7,0000
47,1674	8,0000
47,1876	4,0000
47,2078	6,0000
47,2280	9,0000
47,2482	4,0000
47,2684	5,0000
47,2886	11,0000
47,3089	7,0000
47,3291	5,0000
47,3493	5,0000
47,3695	7,0000
47,3897	6,0000
47,4099	4,0000
47,4301	9,0000
47,4504	4,0000
47,4706	3,0000
47,4908	6,0000
47,5110	1,0000
47,5312	5,0000
47,5514	2,0000
47,5716	6,0000
47,5918	7,0000
47,6121	6,0000
47,6323	7,0000
47,6525	3,0000
47,6727	12,0000
47,6929	11,0000
47,7131	7,0000
47,7333	9,0000
47,7536	6,0000
47,7738	5,0000
47,7940	1,0000
47,8142	5,0000
47,8344	4,0000
47,8546	5,0000
47,8748	6,0000
47,8950	4,0000
47,9153	7,0000
47,9355	7,0000
47,9557	2,0000
47,9759	11,0000
47,9961	5,0000
48,0163	9,0000
48,0365	7,0000
48,0568	3,0000
48,0770	11,0000
48,0972	3,0000
48,1174	3,0000
48,1376	6,0000
48,1578	8,0000
48,1780	3,0000
48,1982	3,0000
48,2185	7,0000
48,2387	2,0000
48,2589	7,0000
48,2791	5,0000
48,2993	4,0000
48,3195	5,0000
48,3397	5,0000
48,3600	6,0000
48,3802	5,0000
48,4004	5,0000
48,4206	2,0000
48,4408	5,0000
48,4610	3,0000
48,4812	5,0000
48,5014	7,0000
48,5217	5,0000
48,5419	6,0000
48,5621	4,0000
48,5823	9,0000
48,6025	8,0000
48,6227	7,0000
48,6429	7,0000
48,6632	10,0000
48,6834	3,0000
48,7036	6,0000
48,7238	4,0000
48,7440	5,0000
48,7642	6,0000
48,7844	2,0000
48,8046	11,0000
48,8249	8,0000
48,8451	6,0000
48,8653	11,0000
48,8855	4,0000
48,9057	9,0000
48,9259	7,0000
48,9461	6,0000
48,9664	2,0000
48,9866	5,0000
49,0068	6,0000
49,0270	8,0000
49,0472	10,0000
49,0674	4,0000
49,0876	7,0000
49,1078	9,0000
49,1281	2,0000
49,1483	5,0000
49,1685	6,0000
49,1887	7,0000
49,2089	4,0000
49,2291	6,0000
49,2493	2,0000
49,2696	0,0000
49,2898	1,0000
49,3100	7,0000
49,3302	4,0000
49,3504	6,0000
49,3706	5,0000
49,3908	6,0000
49,4111	3,0000
49,4313	4,0000
49,4515	1,0000
49,4717	3,0000
49,4919	4,0000
49,5121	5,0000
49,5323	3,0000
49,5525	3,0000
49,5728	3,0000
49,5930	6,0000
49,6132	1,0000
49,6334	2,0000
49,6536	3,0000
49,6738	5,0000
49,6940	5,0000
49,7143	4,0000
49,7345	4,0000
49,7547	0,0000
49,7749	5,0000
49,7951	6,0000
49,8153	2,0000
49,8355	3,0000
49,8557	4,0000
49,8760	7,0000
49,8962	5,0000
49,9164	1,0000
49,9366	3,0000
49,9568	7,0000
49,9770	3,0000
49,9972	6,0000
50,0175	3,0000
50,0377	6,0000
50,0579	3,0000
50,0781	2,0000
50,0983	5,0000
50,1185	4,0000
50,1387	2,0000
50,1589	6,0000
50,1792	4,0000
50,1994	3,0000
50,2196	5,0000
50,2398	3,0000
50,2600	7,0000
50,2802	5,0000
50,3004	5,0000
50,3207	2,0000
50,3409	2,0000
50,3611	2,0000
50,3813	5,0000
50,4015	2,0000
50,4217	4,0000
50,4419	7,0000
50,4621	1,0000
50,4824	4,0000
50,5026	3,0000
50,5228	4,0000
50,5430	4,0000
50,5632	4,0000
50,5834	5,0000
50,6036	4,0000
50,6239	3,0000
50,6441	2,0000
50,6643	4,0000
50,6845	6,0000
50,7047	5,0000
50,7249	9,0000
50,7451	4,0000
50,7653	3,0000
50,7856	4,0000
50,8058	5,0000
50,8260	5,0000
50,8462	6,0000
50,8664	3,0000
50,8866	7,0000
50,9068	2,0000
50,9271	5,0000
50,9473	3,0000
50,9675	6,0000
50,9877	8,0000
51,0079	2,0000
51,0281	1,0000
51,0483	2,0000
51,0685	4,0000
51,0888	1,0000
51,1090	0,0000
51,1292	5,0000
51,1494	7,0000
51,1696	3,0000
51,1898	3,0000
51,2100	5,0000
51,2303	4,0000
51,2505	9,0000
51,2707	3,0000
51,2909	2,0000
51,3111	2,0000
51,3313	4,0000
51,3515	3,0000
51,3718	1,0000
51,3920	1,0000
51,4122	5,0000
51,4324	2,0000
51,4526	4,0000
51,4728	5,0000
51,4930	4,0000
51,5132	4,0000
51,5335	1,0000
51,5537	6,0000
51,5739	2,0000
51,5941	2,0000
51,6143	2,0000
51,6345	5,0000
51,6547	4,0000
51,6750	4,0000
51,6952	4,0000
51,7154	4,0000
51,7356	2,0000
51,7558	3,0000
51,7760	4,0000
51,7962	6,0000
51,8164	7,0000
51,8367	4,0000
51,8569	4,0000
51,8771	2,0000
51,8973	3,0000
51,9175	3,0000
51,9377	5,0000
51,9579	4,0000
51,9782	7,0000
51,9984	1,0000
52,0186	5,0000
52,0388	1,0000
52,0590	3,0000
52,0792	5,0000
52,0994	5,0000
52,1196	2,0000
52,1399	4,0000
52,1601	7,0000
52,1803	4,0000
52,2005	4,0000
52,2207	2,0000
52,2409	10,0000
52,2611	9,0000
52,2814	13,0000
52,3016	14,0000
52,3218	12,0000
52,3420	9,0000
52,3622	7,0000
52,3824	4,0000
52,4026	5,0000
52,4228	4,0000
52,4431	4,0000
52,4633	6,0000
52,4835	5,0000
52,5037	4,0000
52,5239	6,0000
52,5441	3,0000
52,5643	4,0000
52,5846	2,0000
52,6048	1,0000
52,6250	4,0000
52,6452	2,0000
52,6654	2,0000
52,6856	2,0000
52,7058	4,0000
52,7260	4,0000
52,7463	2,0000
52,7665	5,0000
52,7867	4,0000
52,8069	6,0000
52,8271	4,0000
52,8473	5,0000
52,8675	2,0000
52,8878	4,0000
52,9080	4,0000
52,9282	4,0000
52,9484	3,0000
52,9686	2,0000
52,9888	1,0000
53,0090	4,0000
53,0292	1,0000
53,0495	6,0000
53,0697	1,0000
53,0899	3,0000
53,1101	4,0000
53,1303	3,0000
53,1505	1,0000
53,1707	6,0000
53,1910	4,0000
53,2112	4,0000
53,2314	2,0000
53,2516	2,0000
53,2718	2,0000
53,2920	3,0000
53,3122	1,0000
53,3324	3,0000
53,3527	3,0000
53,3729	1,0000
53,3931	6,0000
53,4133	4,0000
53,4335	3,0000
53,4537	3,0000
53,4739	3,0000
53,4942	2,0000
53,5144	3,0000
53,5346	3,0000
53,5548	3,0000
53,5750	2,0000
53,5952	3,0000
53,6154	6,0000
53,6357	5,0000
53,6559	0,0000
53,6761	4,0000
53,6963	3,0000
53,7165	3,0000
53,7367	2,0000
53,7569	2,0000
53,7771	1,0000
53,7974	0,0000
53,8176	4,0000
53,8378	2,0000
53,8580	2,0000
53,8782	1,0000
53,8984	1,0000
53,9186	3,0000
53,9389	5,0000
53,9591	2,0000
53,9793	2,0000
53,9995	3,0000
54,0197	3,0000
54,0399	1,0000
54,0601	4,0000
54,0803	1,0000
54,1006	4,0000
54,1208	3,0000
54,1410	4,0000
54,1612	3,0000
54,1814	4,0000
54,2016	3,0000
54,2218	3,0000
54,2421	3,0000
54,2623	2,0000
54,2825	1,0000
54,3027	0,0000
54,3229	4,0000
54,3431	2,0000
54,3633	3,0000
54,3835	5,0000
54,4038	3,0000
54,4240	1,0000
54,4442	3,0000
54,4644	6,0000
54,4846	0,0000
54,5048	0,0000
54,5250	5,0000
54,5453	1,0000
54,5655	1,0000
54,5857	5,0000
54,6059	2,0000
54,6261	1,0000
54,6463	3,0000
54,6665	3,0000
54,6867	4,0000
54,7070	2,0000
54,7272	1,0000
54,7474	4,0000
54,7676	3,0000
54,7878	2,0000
54,8080	1,0000
54,8282	2,0000
54,8485	2,0000
54,8687	2,0000
54,8889	4,0000
54,9091	0,0000
54,9293	2,0000
54,9495	1,0000
54,9697	1,0000
54,9899	4,0000
55,0102	2,0000
55,0304	3,0000
55,0506	0,0000
55,0708	1,0000
55,0910	2,0000
55,1112	6,0000
55,1314	2,0000
55,1517	1,0000
55,1719	3,0000
55,1921	2,0000
55,2123	0,0000
55,2325	2,0000
55,2527	1,0000
55,2729	4,0000
55,2931	7,0000
55,3134	2,0000
55,3336	0,0000
55,3538	2,0000
55,3740	3,0000
55,3942	7,0000
55,4144	1,0000
55,4346	4,0000
55,4549	0,0000
55,4751	1,0000
55,4953	0,0000
55,5155	2,0000
55,5357	0,0000
55,5559	6,0000
55,5761	3,0000
55,5963	3,0000
55,6166	1,0000
55,6368	5,0000
55,6570	4,0000
55,6772	3,0000
55,6974	6,0000
55,7176	3,0000
55,7378	11,0000
55,7581	7,0000
55,7783	2,0000
55,7985	7,0000
55,8187	4,0000
55,8389	5,0000
55,8591	4,0000
55,8793	5,0000
55,8996	7,0000
55,9198	6,0000
55,9400	6,0000
55,9602	4,0000
55,9804	6,0000
56,0006	7,0000
56,0208	9,0000
56,0410	7,0000
56,0613	5,0000
56,0815	5,0000
56,1017	4,0000
56,1219	7,0000
56,1421	4,0000
56,1623	3,0000
56,1825	7,0000
56,2028	6,0000
56,2230	7,0000
56,2432	9,0000
56,2634	6,0000
56,2836	2,0000
56,3038	3,0000
56,3240	5,0000
56,3442	7,0000
56,3645	5,0000
56,3847	4,0000
56,4049	8,0000
56,4251	4,0000
56,4453	3,0000
56,4655	6,0000
56,4857	6,0000
56,5060	5,0000
56,5262	7,0000
56,5464	4,0000
56,5666	3,0000
56,5868	5,0000
56,6070	7,0000
56,6272	3,0000
56,6474	3,0000
56,6677	4,0000
56,6879	6,0000
56,7081	7,0000
56,7283	4,0000
56,7485	6,0000
56,7687	3,0000
56,7889	4,0000
56,8092	3,0000
56,8294	7,0000
56,8496	5,0000
56,8698	5,0000
56,8900	6,0000
56,9102	5,0000
56,9304	5,0000
56,9506	5,0000
56,9709	7,0000
56,9911	5,0000
57,0113	7,0000
57,0315	7,0000
57,0517	4,0000
57,0719	4,0000
57,0921	12,0000
57,1124	5,0000
57,1326	6,0000
57,1528	2,0000
57,1730	3,0000
57,1932	1,0000
57,2134	10,0000
57,2336	6,0000
57,2538	2,0000
57,2741	7,0000
57,2943	7,0000
57,3145	4,0000
57,3347	7,0000
57,3549	5,0000
57,3751	4,0000
57,3953	3,0000
57,4156	7,0000
57,4358	6,0000
57,4560	7,0000
57,4762	8,0000
57,4964	7,0000
57,5166	10,0000
57,5368	4,0000
57,5570	5,0000
57,5773	7,0000
57,5975	12,0000
57,6177	12,0000
57,6379	17,0000
57,6581	28,0000
57,6783	46,0000
57,6985	96,0000
57,7188	102,0000
57,7390	106,0000
57,7592	137,0000
57,7794	89,0000
57,7996	56,0000
57,8198	41,0000
57,8400	32,0000
57,8603	43,0000
57,8805	62,0000
57,9007	61,0000
57,9209	77,0000
57,9411	53,0000
57,9613	26,0000
57,9815	21,0000
58,0017	14,0000
58,0220	7,0000
58,0422	14,0000
58,0624	6,0000
58,0826	3,0000
58,1028	3,0000
58,1230	7,0000
58,1432	7,0000
58,1635	7,0000
58,1837	4,0000
58,2039	5,0000
58,2241	5,0000
58,2443	6,0000
58,2645	2,0000
58,2847	8,0000
58,3049	4,0000
58,3252	2,0000
58,3454	1,0000
58,3656	1,0000
58,3858	4,0000
58,4060	5,0000
58,4262	2,0000
58,4464	5,0000
58,4667	2,0000
58,4869	4,0000
58,5071	4,0000
58,5273	2,0000
58,5475	2,0000
58,5677	6,0000
58,5879	3,0000
58,6081	7,0000
58,6284	4,0000
58,6486	3,0000
58,6688	6,0000
58,6890	2,0000
58,7092	2,0000
58,7294	2,0000
58,7496	4,0000
58,7699	1,0000
58,7901	7,0000
58,8103	4,0000
58,8305	4,0000
58,8507	3,0000
58,8709	7,0000
58,8911	4,0000
58,9113	5,0000
58,9316	3,0000
58,9518	7,0000
58,9720	3,0000
58,9922	3,0000
59,0124	5,0000
59,0326	7,0000
59,0528	2,0000
59,0731	4,0000
59,0933	5,0000
59,1135	5,0000
59,1337	7,0000
59,1539	5,0000
59,1741	3,0000
59,1943	3,0000
59,2145	2,0000
59,2348	5,0000
59,2550	1,0000
59,2752	3,0000
59,2954	5,0000
59,3156	4,0000
59,3358	0,0000
59,3560	2,0000
59,3763	7,0000
59,3965	2,0000
59,4167	4,0000
59,4369	4,0000
59,4571	2,0000
59,4773	1,0000
59,4975	3,0000
59,5177	0,0000
59,5380	2,0000
59,5582	1,0000
59,5784	4,0000
59,5986	4,0000
59,6188	5,0000
59,6390	2,0000
59,6592	3,0000
59,6795	1,0000
59,6997	5,0000
59,7199	2,0000
59,7401	6,0000
59,7603	3,0000
59,7805	3,0000
59,8007	3,0000
59,8209	6,0000
59,8412	4,0000
59,8614	3,0000
59,8816	2,0000
59,9018	4,0000
59,9220	3,0000
59,9422	8,0000
59,9624	1,0000
59,9827	5,0000
60,0029	3,0000
60,0231	2,0000
60,0433	2,0000
60,0635	2,0000
60,0837	4,0000
60,1039	3,0000
60,1242	5,0000
60,1444	3,0000
60,1646	3,0000
60,1848	6,0000
60,2050	8,0000
60,2252	4,0000
60,2454	4,0000
60,2656	1,0000
60,2859	6,0000
60,3061	3,0000
60,3263	3,0000
60,3465	2,0000
60,3667	2,0000
60,3869	5,0000
60,4071	5,0000
60,4274	3,0000
60,4476	2,0000
60,4678	4,0000
60,4880	2,0000
60,5082	1,0000
60,5284	2,0000
60,5486	4,0000
60,5688	4,0000
60,5891	5,0000
60,6093	5,0000
60,6295	0,0000
60,6497	4,0000
60,6699	6,0000
60,6901	2,0000
60,7103	6,0000
60,7306	6,0000
60,7508	3,0000
60,7710	2,0000
60,7912	5,0000
60,8114	4,0000
60,8316	2,0000
60,8518	2,0000
60,8720	2,0000
60,8923	4,0000
60,9125	4,0000
60,9327	4,0000
60,9529	6,0000
60,9731	2,0000
60,9933	3,0000
61,0135	4,0000
61,0338	3,0000
61,0540	1,0000
61,0742	2,0000
61,0944	1,0000
61,1146	3,0000
61,1348	3,0000
61,1550	3,0000
61,1752	1,0000
61,1955	2,0000
61,2157	2,0000
61,2359	1,0000
61,2561	3,0000
61,2763	1,0000
61,2965	3,0000
61,3167	0,0000
61,3370	6,0000
61,3572	3,0000
61,3774	3,0000
61,3976	3,0000
61,4178	2,0000
61,4380	2,0000
61,4582	2,0000
61,4784	3,0000
61,4987	1,0000
61,5189	6,0000
61,5391	4,0000
61,5593	3,0000
61,5795	4,0000
61,5997	2,0000
61,6199	1,0000
61,6402	4,0000
61,6604	2,0000
61,6806	5,0000
61,7008	6,0000
61,7210	3,0000
61,7412	0,0000
61,7614	3,0000
61,7816	1,0000
61,8019	3,0000
61,8221	2,0000
61,8423	4,0000
61,8625	2,0000
61,8827	4,0000
61,9029	3,0000
61,9231	2,0000
61,9434	2,0000
61,9636	3,0000
61,9838	2,0000
62,0040	4,0000
62,0242	2,0000
62,0444	9,0000
62,0646	5,0000
62,0848	3,0000
62,1051	4,0000
62,1253	3,0000
62,1455	3,0000
62,1657	4,0000
62,1859	3,0000
62,2061	5,0000
62,2263	3,0000
62,2466	4,0000
62,2668	3,0000
62,2870	1,0000
62,3072	6,0000
62,3274	4,0000
62,3476	0,0000
62,3678	4,0000
62,3881	4,0000
62,4083	3,0000
62,4285	4,0000
62,4487	4,0000
62,4689	3,0000
62,4891	3,0000
62,5093	3,0000
62,5295	1,0000
62,5498	3,0000
62,5700	3,0000
62,5902	4,0000
62,6104	3,0000
62,6306	2,0000
62,6508	5,0000
62,6710	6,0000
62,6913	3,0000
62,7115	2,0000
62,7317	6,0000
62,7519	1,0000
62,7721	1,0000
62,7923	4,0000
62,8125	3,0000
62,8327	2,0000
62,8530	3,0000
62,8732	2,0000
62,8934	3,0000
62,9136	5,0000
62,9338	2,0000
62,9540	1,0000
62,9742	5,0000
62,9945	3,0000
63,0147	3,0000
63,0349	0,0000
63,0551	4,0000
63,0753	4,0000
63,0955	1,0000
63,1157	5,0000
63,1359	3,0000
63,1562	0,0000
63,1764	2,0000
63,1966	1,0000
63,2168	2,0000
63,2370	4,0000
63,2572	4,0000
63,2774	6,0000
63,2977	2,0000
63,3179	6,0000
63,3381	5,0000
63,3583	1,0000
63,3785	4,0000
63,3987	2,0000
63,4189	4,0000
63,4391	5,0000
63,4594	1,0000
63,4796	2,0000
63,4998	2,0000
63,5200	5,0000
63,5402	6,0000
63,5604	2,0000
63,5806	3,0000
63,6009	2,0000
63,6211	3,0000
63,6413	5,0000
63,6615	3,0000
63,6817	0,0000
63,7019	1,0000
63,7221	4,0000
63,7423	1,0000
63,7626	2,0000
63,7828	2,0000
63,8030	2,0000
63,8232	5,0000
63,8434	4,0000
63,8636	1,0000
63,8838	5,0000
63,9041	2,0000
63,9243	1,0000
63,9445	2,0000
63,9647	3,0000
63,9849	4,0000
64,0051	3,0000
64,0253	2,0000
64,0455	3,0000
64,0658	0,0000
64,0860	0,0000
64,1062	4,0000
64,1264	6,0000
64,1466	6,0000
64,1668	5,0000
64,1870	3,0000
64,2073	1,0000
64,2275	2,0000
64,2477	2,0000
64,2679	2,0000
64,2881	4,0000
64,3083	3,0000
64,3285	3,0000
64,3488	1,0000
64,3690	4,0000
64,3892	4,0000
64,4094	1,0000
64,4296	1,0000
64,4498	2,0000
64,4700	0,0000
64,4902	2,0000
64,5105	0,0000
64,5307	6,0000
64,5509	2,0000
64,5711	4,0000
64,5913	3,0000
64,6115	2,0000
64,6317	2,0000
64,6520	3,0000
64,6722	3,0000
64,6924	1,0000
64,7126	5,0000
64,7328	2,0000
64,7530	3,0000
64,7732	0,0000
64,7934	5,0000
64,8137	0,0000
64,8339	1,0000
64,8541	5,0000
64,8743	0,0000
64,8945	1,0000
64,9147	3,0000
64,9349	1,0000
64,9552	3,0000
64,9754	3,0000
64,9956	3,0000
65,0158	3,0000
65,0360	1,0000
65,0562	4,0000
65,0764	3,0000
65,0966	2,0000
65,1169	3,0000
65,1371	1,0000
65,1573	5,0000
65,1775	4,0000
65,1977	5,0000
65,2179	1,0000
65,2381	2,0000
65,2584	6,0000
65,2786	3,0000
65,2988	5,0000
65,3190	2,0000
65,3392	3,0000
65,3594	2,0000
65,3796	1,0000
65,3998	5,0000
65,4201	4,0000
65,4403	6,0000
65,4605	3,0000
65,4807	5,0000
65,5009	6,0000
65,5211	6,0000
65,5413	2,0000
65,5616	3,0000
65,5818	3,0000
65,6020	2,0000
65,6222	3,0000
65,6424	4,0000
65,6626	2,0000
65,6828	5,0000
65,7030	3,0000
65,7233	10,0000
65,7435	6,0000
65,7637	5,0000
65,7839	6,0000
65,8041	1,0000
65,8243	1,0000
65,8445	3,0000
65,8648	5,0000
65,8850	1,0000
65,9052	1,0000
65,9254	4,0000
65,9456	6,0000
65,9658	3,0000
65,9860	3,0000
66,0062	4,0000
66,0265	3,0000
66,0467	1,0000
66,0669	4,0000
66,0871	2,0000
66,1073	2,0000
66,1275	2,0000
66,1477	0,0000
66,1680	6,0000
66,1882	4,0000
66,2084	4,0000
66,2286	6,0000
66,2488	3,0000
66,2690	4,0000
66,2892	1,0000
66,3094	6,0000
66,3297	5,0000
66,3499	1,0000
66,3701	2,0000
66,3903	4,0000
66,4105	3,0000
66,4307	3,0000
66,4509	5,0000
66,4712	4,0000
66,4914	4,0000
66,5116	3,0000
66,5318	5,0000
66,5520	2,0000
66,5722	3,0000
66,5924	3,0000
66,6127	4,0000
66,6329	4,0000
66,6531	0,0000
66,6733	2,0000
66,6935	3,0000
66,7137	1,0000
66,7339	3,0000
66,7541	6,0000
66,7744	2,0000
66,7946	2,0000
66,8148	1,0000
66,8350	3,0000
66,8552	5,0000
66,8754	4,0000
66,8956	3,0000
66,9159	1,0000
66,9361	3,0000
66,9563	7,0000
66,9765	5,0000
66,9967	2,0000
67,0169	4,0000
67,0371	5,0000
67,0573	2,0000
67,0776	5,0000
67,0978	2,0000
67,1180	7,0000
67,1382	3,0000
67,1584	2,0000
67,1786	4,0000
67,1988	5,0000
67,2191	5,0000
67,2393	5,0000
67,2595	4,0000
67,2797	5,0000
67,2999	2,0000
67,3201	2,0000
67,3403	5,0000
67,3605	5,0000
67,3808	3,0000
67,4010	3,0000
67,4212	3,0000
67,4414	5,0000
67,4616	5,0000
67,4818	4,0000
67,5020	5,0000
67,5223	3,0000
67,5425	4,0000
67,5627	2,0000
67,5829	3,0000
67,6031	6,0000
67,6233	7,0000
67,6435	12,0000
67,6637	7,0000
67,6840	12,0000
67,7042	11,0000
67,7244	34,0000
67,7446	44,0000
67,7648	63,0000
67,7850	84,0000
67,8052	63,0000
67,8255	52,0000
67,8457	29,0000
67,8659	16,0000
67,8861	19,0000
67,9063	9,0000
67,9265	16,0000
67,9467	28,0000
67,9669	47,0000
67,9872	35,0000
68,0074	26,0000
68,0276	25,0000
68,0478	8,0000
68,0680	5,0000
68,0882	8,0000
68,1084	6,0000
68,1287	5,0000
68,1489	5,0000
68,1691	6,0000
68,1893	4,0000
68,2095	6,0000
68,2297	2,0000
68,2499	3,0000
68,2701	3,0000
68,2904	6,0000
68,3106	1,0000
68,3308	3,0000
68,3510	4,0000
68,3712	5,0000
68,3914	5,0000
68,4116	4,0000
68,4319	2,0000
68,4521	4,0000
68,4723	1,0000
68,4925	2,0000
68,5127	4,0000
68,5329	2,0000
68,5531	4,0000
68,5733	2,0000
68,5936	0,0000
68,6138	4,0000
68,6340	5,0000
68,6542	3,0000
68,6744	3,0000
68,6946	2,0000
68,7148	2,0000
68,7351	1,0000
68,7553	3,0000
68,7755	4,0000
68,7957	4,0000
68,8159	4,0000
68,8361	2,0000
68,8563	5,0000
68,8766	3,0000
68,8968	1,0000
68,9170	0,0000
68,9372	3,0000
68,9574	4,0000
68,9776	5,0000
68,9978	5,0000
69,0180	2,0000
69,0383	2,0000
69,0585	3,0000
69,0787	2,0000
69,0989	3,0000
69,1191	1,0000
69,1393	2,0000
69,1595	4,0000
69,1798	1,0000
69,2000	4,0000
69,2202	2,0000
69,2404	3,0000
69,2606	1,0000
69,2808	5,0000
69,3010	1,0000
69,3212	1,0000
69,3415	1,0000
69,3617	1,0000
69,3819	2,0000
69,4021	2,0000
69,4223	0,0000
69,4425	0,0000
69,4627	3,0000
69,4830	5,0000
69,5032	1,0000
69,5234	2,0000
69,5436	1,0000
69,5638	2,0000
69,5840	1,0000
69,6042	4,0000
69,6244	3,0000
69,6447	3,0000
69,6649	3,0000
69,6851	3,0000
69,7053	4,0000
69,7255	1,0000
69,7457	2,0000
69,7659	2,0000
69,7862	4,0000
69,8064	2,0000
69,8266	0,0000
69,8468	1,0000
69,8670	1,0000
69,8872	1,0000
69,9074	2,0000
69,9276	2,0000
69,9479	1,0000
69,9681	4,0000
69,9883	2,0000
70,0085	2,0000
70,0287	0,0000
70,0489	2,0000
70,0691	3,0000
70,0894	4,0000
70,1096	1,0000
70,1298	4,0000
70,1500	2,0000
70,1702	1,0000
70,1904	1,0000
70,2106	1,0000
70,2308	2,0000
70,2511	2,0000
70,2713	2,0000
70,2915	2,0000
70,3117	2,0000
70,3319	5,0000
70,3521	2,0000
70,3723	0,0000
70,3926	4,0000
70,4128	5,0000
70,4330	2,0000
70,4532	4,0000
70,4734	1,0000
70,4936	1,0000
70,5138	3,0000
70,5340	3,0000
70,5543	2,0000
70,5745	3,0000
70,5947	0,0000
70,6149	0,0000
70,6351	3,0000
70,6553	5,0000
70,6755	2,0000
70,6958	1,0000
70,7160	4,0000
70,7362	2,0000
70,7564	5,0000
70,7766	1,0000
70,7968	2,0000
70,8170	8,0000
70,8373	8,0000
70,8575	1,0000
70,8777	2,0000
70,8979	3,0000
70,9181	0,0000
70,9383	1,0000
70,9585	2,0000
70,9787	4,0000
70,9990	2,0000
71,0192	2,0000
71,0394	2,0000
71,0596	1,0000
71,0798	3,0000
71,1000	2,0000
71,1202	3,0000
71,1405	1,0000
71,1607	5,0000
71,1809	3,0000
71,2011	3,0000
71,2213	0,0000
71,2415	1,0000
71,2617	4,0000
71,2819	2,0000
71,3022	1,0000
71,3224	2,0000
71,3426	1,0000
71,3628	5,0000
71,3830	1,0000
71,4032	4,0000
71,4234	0,0000
71,4437	0,0000
71,4639	3,0000
71,4841	4,0000
71,5043	1,0000
71,5245	0,0000
71,5447	1,0000
71,5649	1,0000
71,5851	2,0000
71,6054	1,0000
71,6256	2,0000
71,6458	2,0000
71,6660	1,0000
71,6862	2,0000
71,7064	3,0000
71,7266	0,0000
71,7469	2,0000
71,7671	1,0000
71,7873	3,0000
71,8075	4,0000
71,8277	2,0000
71,8479	3,0000
71,8681	1,0000
71,8883	4,0000
71,9086	1,0000
71,9288	4,0000
71,9490	2,0000
71,9692	0,0000
71,9894	5,0000
72,0096	3,0000
72,0298	3,0000
72,0501	2,0000
72,0703	1,0000
72,0905	2,0000
72,1107	4,0000
72,1309	0,0000
72,1511	0,0000
72,1713	2,0000
72,1915	2,0000
72,2118	2,0000
72,2320	2,0000
72,2522	2,0000
72,2724	4,0000
72,2926	3,0000
72,3128	4,0000
72,3330	2,0000
72,3533	3,0000
72,3735	4,0000
72,3937	4,0000
72,4139	5,0000
72,4341	5,0000
72,4543	3,0000
72,4745	5,0000
72,4947	5,0000
72,5150	4,0000
72,5352	11,0000
72,5554	6,0000
72,5756	4,0000
72,5958	5,0000
72,6160	4,0000
72,6362	5,0000
72,6565	4,0000
72,6767	2,0000
72,6969	3,0000
72,7171	5,0000
72,7373	4,0000
72,7575	8,0000
72,7777	4,0000
72,7979	5,0000
72,8182	3,0000
72,8384	2,0000
72,8586	5,0000
72,8788	1,0000
72,8990	2,0000
72,9192	2,0000
72,9394	0,0000
72,9597	3,0000
72,9799	1,0000
73,0001	1,0000
73,0203	2,0000
73,0405	0,0000
73,0607	3,0000
73,0809	1,0000
73,1012	0,0000
73,1214	2,0000
73,1416	1,0000
73,1618	2,0000
73,1820	2,0000
73,2022	3,0000
73,2224	2,0000
73,2426	1,0000
73,2629	3,0000
73,2831	2,0000
73,3033	4,0000
73,3235	0,0000
73,3437	1,0000
73,3639	2,0000
73,3841	1,0000
73,4044	3,0000
73,4246	1,0000
73,4448	2,0000
73,4650	0,0000
73,4852	5,0000
73,5054	1,0000
73,5256	1,0000
73,5458	0,0000
73,5661	2,0000
73,5863	3,0000
73,6065	4,0000
73,6267	0,0000
73,6469	1,0000
73,6671	0,0000
73,6873	1,0000
73,7076	2,0000
73,7278	1,0000
73,7480	2,0000
73,7682	0,0000
73,7884	1,0000
73,8086	2,0000
73,8288	2,0000
73,8490	2,0000
73,8693	1,0000
73,8895	0,0000
73,9097	2,0000
73,9299	2,0000
73,9501	1,0000
73,9703	3,0000
73,9905	3,0000
74,0108	3,0000
74,0310	3,0000
74,0512	3,0000
74,0714	1,0000
74,0916	0,0000
74,1118	3,0000
74,1320	5,0000
74,1522	1,0000
74,1725	3,0000
74,1927	2,0000
74,2129	3,0000
74,2331	3,0000
74,2533	2,0000
74,2735	4,0000
74,2937	1,0000
74,3140	1,0000
74,3342	3,0000
74,3544	3,0000
74,3746	1,0000
74,3948	0,0000
74,4150	0,0000
74,4352	1,0000
74,4554	5,0000
74,4757	2,0000
74,4959	3,0000
74,5161	2,0000
74,5363	2,0000
74,5565	0,0000
74,5767	5,0000
74,5969	4,0000
74,6172	2,0000
74,6374	3,0000
74,6576	4,0000
74,6778	3,0000
74,6980	2,0000
74,7182	0,0000
74,7384	2,0000
74,7586	4,0000
74,7789	1,0000
74,7991	1,0000
74,8193	5,0000
74,8395	1,0000
74,8597	0,0000
74,8799	3,0000
74,9001	1,0000
74,9204	4,0000
74,9406	3,0000
74,9608	1,0000
74,9810	2,0000
75,0012	2,0000
75,0214	1,0000
75,0416	5,0000
75,0618	2,0000
75,0821	2,0000
75,1023	3,0000
75,1225	1,0000
75,1427	3,0000
75,1629	2,0000
75,1831	2,0000
75,2033	0,0000
75,2236	5,0000
75,2438	2,0000
75,2640	2,0000
75,2842	2,0000
75,3044	2,0000
75,3246	1,0000
75,3448	2,0000
75,3651	3,0000
75,3853	3,0000
75,4055	2,0000
75,4257	5,0000
75,4459	4,0000
75,4661	3,0000
75,4863	2,0000
75,5065	2,0000
75,5268	3,0000
75,5470	4,0000
75,5672	3,0000
75,5874	5,0000
75,6076	2,0000
75,6278	4,0000
75,6480	2,0000
75,6683	3,0000
75,6885	5,0000
75,7087	4,0000
75,7289	5,0000
75,7491	2,0000
75,7693	4,0000
75,7895	1,0000
75,8097	2,0000
75,8300	4,0000
75,8502	0,0000
75,8704	1,0000
75,8906	2,0000
75,9108	0,0000
75,9310	2,0000
75,9512	1,0000
75,9715	1,0000
75,9917	3,0000
76,0119	5,0000
76,0321	4,0000
76,0523	4,0000
76,0725	1,0000
76,0927	3,0000
76,1129	1,0000
76,1332	2,0000
76,1534	2,0000
76,1736	0,0000
76,1938	3,0000
76,2140	2,0000
76,2342	3,0000
76,2544	4,0000
76,2747	1,0000
76,2949	4,0000
76,3151	0,0000
76,3353	1,0000
76,3555	0,0000
76,3757	4,0000
76,3959	2,0000
76,4161	1,0000
76,4364	4,0000
76,4566	3,0000
76,4768	2,0000
76,4970	1,0000
76,5172	3,0000
76,5374	2,0000
76,5576	2,0000
76,5779	0,0000
76,5981	1,0000
76,6183	1,0000
76,6385	3,0000
76,6587	3,0000
76,6789	4,0000
76,6991	2,0000
76,7193	1,0000
76,7396	2,0000
76,7598	3,0000
76,7800	1,0000
76,8002	5,0000
76,8204	1,0000
76,8406	3,0000
76,8608	0,0000
76,8811	1,0000
76,9013	2,0000
76,9215	3,0000
76,9417	4,0000
76,9619	1,0000
76,9821	3,0000
77,0023	3,0000
77,0225	6,0000
77,0428	6,0000
77,0630	11,0000
77,0832	20,0000
77,1034	16,0000
77,1236	38,0000
77,1438	47,0000
77,1640	38,0000
77,1843	36,0000
77,2045	19,0000
77,2247	9,0000
77,2449	9,0000
77,2651	2,0000
77,2853	7,0000
77,3055	8,0000
77,3258	13,0000
77,3460	18,0000
77,3662	26,0000
77,3864	21,0000
77,4066	21,0000
77,4268	21,0000
77,4470	7,0000
77,4672	6,0000
77,4875	4,0000
77,5077	2,0000
77,5279	4,0000
77,5481	0,0000
77,5683	2,0000
77,5885	3,0000
77,6087	3,0000
77,6290	4,0000
77,6492	0,0000
77,6694	2,0000
77,6896	1,0000
77,7098	2,0000
77,7300	2,0000
77,7502	0,0000
77,7704	1,0000
77,7907	3,0000
77,8109	4,0000
77,8311	2,0000
77,8513	1,0000
77,8715	1,0000
77,8917	1,0000
77,9119	5,0000
77,9322	2,0000
77,9524	0,0000
77,9726	3,0000
77,9928	2,0000
78,0130	2,0000
78,0332	3,0000
78,0534	3,0000
78,0736	1,0000
78,0939	2,0000
78,1141	5,0000
78,1343	2,0000
78,1545	0,0000
78,1747	3,0000
78,1949	1,0000
78,2151	0,0000
78,2354	3,0000
78,2556	0,0000
78,2758	2,0000
78,2960	5,0000
78,3162	1,0000
78,3364	1,0000
78,3566	3,0000
78,3768	2,0000
78,3971	3,0000
78,4173	4,0000
78,4375	3,0000
78,4577	0,0000
78,4779	1,0000
78,4981	4,0000
78,5183	1,0000
78,5386	3,0000
78,5588	3,0000
78,5790	0,0000
78,5992	1,0000
78,6194	4,0000
78,6396	2,0000
78,6598	4,0000
78,6800	1,0000
78,7003	6,0000
78,7205	2,0000
78,7407	1,0000
78,7609	4,0000
78,7811	1,0000
78,8013	0,0000
78,8215	3,0000
78,8418	1,0000
78,8620	0,0000
78,8822	5,0000
78,9024	5,0000
78,9226	3,0000
78,9428	3,0000
78,9630	2,0000
78,9832	3,0000
79,0035	1,0000
79,0237	2,0000
79,0439	3,0000
79,0641	2,0000
79,0843	1,0000
79,1045	0,0000
79,1247	4,0000
79,1450	2,0000
79,1652	2,0000
79,1854	3,0000
79,2056	4,0000
79,2258	5,0000
79,2460	2,0000
79,2662	2,0000
79,2864	1,0000
79,3067	0,0000
79,3269	0,0000
79,3471	1,0000
79,3673	1,0000
79,3875	3,0000
79,4077	1,0000
79,4279	2,0000
79,4482	3,0000
79,4684	0,0000
79,4886	4,0000
79,5088	0,0000
79,5290	2,0000
79,5492	2,0000
79,5694	3,0000
79,5897	3,0000
79,6099	2,0000
79,6301	4,0000
79,6503	2,0000
79,6705	0,0000
79,6907	2,0000
79,7109	1,0000
79,7311	0,0000
79,7514	2,0000
79,7716	3,0000
79,7918	5,0000
79,8120	2,0000
79,8322	1,0000
79,8524	3,0000
79,8726	3,0000
79,8929	2,0000
79,9131	3,0000
79,9333	4,0000
79,9535	2,0000
79,9737	3,0000
79,9939	2,0000
80,0141	1,0000
80,0343	1,0000
80,0546	3,0000
80,0748	2,0000
80,0950	1,0000
80,1152	1,0000
80,1354	4,0000
80,1556	5,0000
80,1758	1,0000
80,1961	3,0000
80,2163	0,0000
80,2365	1,0000
80,2567	2,0000
80,2769	2,0000
80,2971	3,0000
80,3173	2,0000
80,3375	1,0000
80,3578	5,0000
80,3780	4,0000
80,3982	1,0000
80,4184	3,0000
80,4386	2,0000
80,4588	2,0000
80,4790	0,0000
80,4993	2,0000
80,5195	0,0000
80,5397	1,0000
80,5599	2,0000
80,5801	0,0000
80,6003	0,0000
80,6205	2,0000
80,6407	0,0000
80,6610	0,0000
80,6812	0,0000
80,7014	2,0000
80,7216	0,0000
80,7418	3,0000
80,7620	1,0000
80,7822	3,0000
80,8025	2,0000
80,8227	1,0000
80,8429	1,0000
80,8631	1,0000
80,8833	0,0000
80,9035	1,0000
80,9237	4,0000
80,9439	3,0000
80,9642	1,0000
80,9844	1,0000
81,0046	1,0000
81,0248	1,0000
81,0450	4,0000
81,0652	2,0000
81,0854	0,0000
81,1057	1,0000
81,1259	2,0000
81,1461	1,0000
81,1663	4,0000
81,1865	1,0000
81,2067	1,0000
81,2269	1,0000
81,2471	2,0000
81,2674	2,0000
81,2876	2,0000
81,3078	0,0000
81,3280	1,0000
81,3482	1,0000
81,3684	2,0000
81,3886	0,0000
81,4089	1,0000
81,4291	3,0000
81,4493	4,0000
81,4695	1,0000
81,4897	3,0000
81,5099	1,0000
81,5301	3,0000
81,5503	1,0000
81,5706	6,0000
81,5908	3,0000
81,6110	5,0000
81,6312	5,0000
81,6514	13,0000
81,6716	13,0000
81,6918	12,0000
81,7121	11,0000
81,7323	8,0000
81,7525	6,0000
81,7727	3,0000
81,7929	4,0000
81,8131	3,0000
81,8333	5,0000
81,8536	4,0000
81,8738	8,0000
81,8940	8,0000
81,9142	9,0000
81,9344	11,0000
81,9546	11,0000
81,9748	5,0000
81,9950	5,0000
82,0153	1,0000
82,0355	1,0000
82,0557	5,0000
82,0759	4,0000
82,0961	5,0000
82,1163	5,0000
82,1365	0,0000
82,1568	2,0000
82,1770	0,0000
82,1972	2,0000
82,2174	3,0000
82,2376	0,0000
82,2578	1,0000
82,2780	1,0000
82,2982	2,0000
82,3185	2,0000
82,3387	1,0000
82,3589	5,0000
82,3791	2,0000
82,3993	1,0000
82,4195	3,0000
82,4397	1,0000
82,4600	2,0000
82,4802	3,0000
82,5004	4,0000
82,5206	3,0000
82,5408	1,0000
82,5610	1,0000
82,5812	2,0000
82,6014	0,0000
82,6217	4,0000
82,6419	3,0000
82,6621	4,0000
82,6823	2,0000
82,7025	1,0000
82,7227	1,0000
82,7429	0,0000
82,7632	1,0000
82,7834	3,0000
82,8036	1,0000
82,8238	2,0000
82,8440	1,0000
82,8642	2,0000
82,8844	4,0000
82,9046	1,0000
82,9249	2,0000
82,9451	2,0000
82,9653	2,0000
82,9855	0,0000
83,0057	0,0000
83,0259	1,0000
83,0461	2,0000
83,0664	2,0000
83,0866	0,0000
83,1068	0,0000
83,1270	1,0000
83,1472	3,0000
83,1674	1,0000
83,1876	4,0000
83,2078	1,0000
83,2281	1,0000
83,2483	1,0000
83,2685	2,0000
83,2887	5,0000
83,3089	4,0000
83,3291	1,0000
83,3493	1,0000
83,3696	2,0000
83,3898	2,0000
83,4100	1,0000
83,4302	4,0000
83,4504	2,0000
83,4706	5,0000
83,4908	1,0000
83,5110	0,0000
83,5313	3,0000
83,5515	1,0000
83,5717	2,0000
83,5919	5,0000
83,6121	3,0000
83,6323	5,0000
83,6525	1,0000
83,6728	3,0000
83,6930	2,0000
83,7132	2,0000
83,7334	2,0000
83,7536	2,0000
83,7738	3,0000
83,7940	2,0000
83,8143	0,0000
83,8345	1,0000
83,8547	0,0000
83,8749	1,0000
83,8951	2,0000
83,9153	2,0000
83,9355	0,0000
83,9557	1,0000
83,9760	1,0000
83,9962	3,0000
84,0164	2,0000
84,0366	4,0000
84,0568	1,0000
84,0770	0,0000
84,0972	2,0000
84,1175	1,0000
84,1377	3,0000
84,1579	2,0000
84,1781	1,0000
84,1983	3,0000
84,2185	1,0000
84,2387	2,0000
84,2589	5,0000
84,2792	2,0000
84,2994	2,0000
84,3196	0,0000
84,3398	0,0000
84,3600	5,0000
84,3802	2,0000
84,4004	0,0000
84,4207	1,0000
84,4409	3,0000
84,4611	1,0000
84,4813	3,0000
84,5015	2,0000
84,5217	3,0000
84,5419	4,0000
84,5621	1,0000
84,5824	1,0000
84,6026	0,0000
84,6228	4,0000
84,6430	3,0000
84,6632	2,0000
84,6834	0,0000
84,7036	5,0000
84,7239	1,0000
84,7441	0,0000
84,7643	3,0000
84,7845	3,0000
84,8047	1,0000
84,8249	3,0000
84,8451	1,0000
84,8653	2,0000
84,8856	1,0000
84,9058	2,0000
84,9260	2,0000
84,9462	1,0000
84,9664	2,0000
84,9866	1,0000
85,0068	0,0000
85,0271	1,0000
85,0473	4,0000
85,0675	1,0000
85,0877	1,0000
85,1079	4,0000
85,1281	1,0000
85,1483	1,0000
85,1685	3,0000
85,1888	1,0000
85,2090	0,0000
85,2292	2,0000
85,2494	0,0000
85,2696	2,0000
85,2898	3,0000
85,3100	2,0000
85,3303	2,0000
85,3505	2,0000
85,3707	2,0000
85,3909	1,0000
85,4111	0,0000
85,4313	0,0000
85,4515	2,0000
85,4717	3,0000
85,4920	2,0000
85,5122	1,0000
85,5324	3,0000
85,5526	1,0000
85,5728	2,0000
85,5930	2,0000
85,6132	2,0000
85,6335	1,0000
85,6537	1,0000
85,6739	1,0000
85,6941	2,0000
85,7143	1,0000
85,7345	1,0000
85,7547	3,0000
85,7749	2,0000
85,7952	3,0000
85,8154	1,0000
85,8356	3,0000
85,8558	3,0000
85,8760	0,0000
85,8962	1,0000
85,9164	4,0000
85,9367	3,0000
85,9569	2,0000
85,9771	2,0000
85,9973	2,0000
86,0175	1,0000
86,0377	1,0000
86,0579	5,0000
86,0782	4,0000
86,0984	6,0000
86,1186	10,0000
86,1388	14,0000
86,1590	17,0000
86,1792	20,0000
86,1994	14,0000
86,2196	13,0000
86,2399	5,0000
86,2601	6,0000
86,2803	4,0000
86,3005	3,0000
86,3207	3,0000
86,3409	4,0000
86,3611	8,0000
86,3814	5,0000
86,4016	10,0000
86,4218	14,0000
86,4420	11,0000
86,4622	11,0000
86,4824	3,0000
86,5026	5,0000
86,5228	3,0000
86,5431	2,0000
86,5633	2,0000
86,5835	0,0000
86,6037	2,0000
86,6239	2,0000
86,6441	2,0000
86,6643	2,0000
86,6846	2,0000
86,7048	2,0000
86,7250	0,0000
86,7452	0,0000
86,7654	3,0000
86,7856	3,0000
86,8058	2,0000
86,8260	1,0000
86,8463	1,0000
86,8665	1,0000
86,8867	2,0000
86,9069	1,0000
86,9271	0,0000
86,9473	3,0000
86,9675	5,0000
86,9878	1,0000
87,0080	1,0000
87,0282	1,0000
87,0484	0,0000
87,0686	3,0000
87,0888	5,0000
87,1090	2,0000
87,1292	2,0000
87,1495	1,0000
87,1697	0,0000
87,1899	3,0000
87,2101	0,0000
87,2303	5,0000
87,2505	5,0000
87,2707	0,0000
87,2910	3,0000
87,3112	2,0000
87,3314	3,0000
87,3516	1,0000
87,3718	1,0000
87,3920	1,0000
87,4122	3,0000
87,4324	5,0000
87,4527	2,0000
87,4729	1,0000
87,4931	2,0000
87,5133	2,0000
87,5335	5,0000
87,5537	1,0000
87,5739	0,0000
87,5942	2,0000
87,6144	1,0000
87,6346	1,0000
87,6548	1,0000
87,6750	1,0000
87,6952	4,0000
87,7154	0,0000
87,7356	3,0000
87,7559	0,0000
87,7761	4,0000
87,7963	2,0000
87,8165	0,0000
87,8367	0,0000
87,8569	3,0000
87,8771	1,0000
87,8974	0,0000
87,9176	2,0000
87,9378	1,0000
87,9580	0,0000
87,9782	2,0000
87,9984	1,0000
88,0186	1,0000
88,0388	1,0000
88,0591	0,0000
88,0793	0,0000
88,0995	1,0000
88,1197	0,0000
88,1399	3,0000
88,1601	2,0000
88,1803	1,0000
88,2006	1,0000
88,2208	0,0000
88,2410	3,0000
88,2612	1,0000
88,2814	1,0000
88,3016	1,0000
88,3218	0,0000
88,3421	1,0000
88,3623	0,0000
88,3825	2,0000
88,4027	1,0000
88,4229	0,0000
88,4431	0,0000
88,4633	0,0000
88,4835	1,0000
88,5038	5,0000
88,5240	2,0000
88,5442	0,0000
88,5644	5,0000
88,5846	1,0000
88,6048	1,0000
88,6250	1,0000
88,6453	0,0000
88,6655	1,0000
88,6857	3,0000
88,7059	0,0000
88,7261	1,0000
88,7463	0,0000
88,7665	1,0000
88,7867	3,0000
88,8070	0,0000
88,8272	2,0000
88,8474	2,0000
88,8676	2,0000
88,8878	1,0000
88,9080	2,0000
88,9282	3,0000
88,9485	2,0000
88,9687	2,0000
88,9889	2,0000
89,0091	1,0000
89,0293	0,0000
89,0495	1,0000
89,0697	3,0000
89,0899	1,0000
89,1102	0,0000
89,1304	0,0000
89,1506	2,0000
89,1708	1,0000
89,1910	2,0000
89,2112	0,0000
89,2314	4,0000
89,2517	2,0000
89,2719	1,0000
89,2921	0,0000
89,3123	1,0000
89,3325	1,0000
89,3527	0,0000
89,3729	1,0000
89,3931	2,0000
89,4134	2,0000
89,4336	0,0000
89,4538	1,0000
89,4740	0,0000
89,4942	1,0000
89,5144	0,0000
89,5346	2,0000
89,5549	0,0000
89,5751	0,0000
89,5953	1,0000
89,6155	1,0000
89,6357	1,0000
89,6559	2,0000
89,6761	2,0000
89,6963	1,0000
89,7166	0,0000
89,7368	3,0000
89,7570	0,0000
89,7772	1,0000
89,7974	1,0000
89,8176	2,0000
89,8378	4,0000
89,8581	2,0000
89,8783	1,0000
89,8985	2,0000
89,9187	0,0000
89,9389	0,0000
89,9591	0,0000
89,9793	2,0000
89,9995	0,0000
90,0198	3,0000
90,0400	0,0000
90,0602	1,0000
90,0804	3,0000
90,1006	1,0000
90,1208	0,0000
90,1410	0,0000
90,1613	1,0000
90,1815	0,0000
90,2017	0,0000
90,2219	1,0000
90,2421	1,0000
90,2623	2,0000
90,2825	2,0000
90,3028	1,0000
90,3230	1,0000
90,3432	0,0000
90,3634	2,0000
90,3836	1,0000
90,4038	1,0000
90,4240	3,0000
90,4442	4,0000
90,4645	5,0000
90,4847	0,0000
90,5049	1,0000
90,5251	1,0000
90,5453	0,0000
90,5655	3,0000
90,5857	3,0000
90,6060	1,0000
90,6262	4,0000
90,6464	3,0000
90,6666	4,0000
90,6868	1,0000
90,7070	1,0000
90,7272	1,0000
90,7474	0,0000
90,7677	2,0000
90,7879	2,0000
90,8081	2,0000
90,8283	1,0000
90,8485	1,0000
90,8687	2,0000
90,8889	5,0000
90,9092	4,0000
90,9294	4,0000
90,9496	2,0000
90,9698	1,0000
90,9900	3,0000
91,0102	4,0000
91,0304	3,0000
91,0506	2,0000
91,0709	2,0000
91,0911	1,0000
91,1113	1,0000
91,1315	3,0000
91,1517	2,0000
91,1719	0,0000
91,1921	1,0000
91,2124	1,0000
91,2326	1,0000
91,2528	4,0000
91,2730	5,0000
91,2932	3,0000
91,3134	3,0000
91,3336	1,0000
91,3538	1,0000
91,3741	1,0000
91,3943	0,0000
91,4145	2,0000
91,4347	4,0000
91,4549	0,0000
91,4751	1,0000
91,4953	3,0000
91,5156	1,0000
91,5358	2,0000
91,5560	3,0000
91,5762	2,0000
91,5964	0,0000
91,6166	1,0000
91,6368	3,0000
91,6570	5,0000
91,6773	1,0000
91,6975	2,0000
91,7177	1,0000
91,7379	1,0000
91,7581	3,0000
91,7783	5,0000
91,7985	1,0000
91,8188	3,0000
91,8390	1,0000
91,8592	1,0000
91,8794	2,0000
91,8996	1,0000
91,9198	1,0000
91,9400	2,0000
91,9602	1,0000
91,9805	1,0000
92,0007	1,0000
92,0209	1,0000
92,0411	3,0000
92,0613	1,0000
92,0815	2,0000
92,1017	1,0000
92,1220	3,0000
92,1422	2,0000
92,1624	1,0000
92,1826	2,0000
92,2028	1,0000
92,2230	3,0000
92,2432	1,0000
92,2634	1,0000
92,2837	1,0000
92,3039	1,0000
92,3241	4,0000
92,3443	2,0000
92,3645	1,0000
92,3847	4,0000
92,4049	5,0000
92,4252	1,0000
92,4454	2,0000
92,4656	4,0000
92,4858	1,0000
92,5060	0,0000
92,5262	0,0000
92,5464	2,0000
92,5667	2,0000
92,5869	2,0000
92,6071	4,0000
92,6273	2,0000
92,6475	2,0000
92,6677	3,0000
92,6879	0,0000
92,7081	1,0000
92,7284	4,0000
92,7486	0,0000
92,7688	0,0000
92,7890	0,0000
92,8092	1,0000
92,8294	2,0000
92,8496	1,0000
92,8699	5,0000
92,8901	1,0000
92,9103	1,0000
92,9305	2,0000
92,9507	2,0000
92,9709	1,0000
92,9911	1,0000
93,0113	1,0000
93,0316	2,0000
93,0518	2,0000
93,0720	1,0000
93,0922	0,0000
93,1124	6,0000
93,1326	2,0000
93,1528	3,0000
93,1731	3,0000
93,1933	3,0000
93,2135	2,0000
93,2337	2,0000
93,2539	2,0000
93,2741	2,0000
93,2943	2,0000
93,3145	1,0000
93,3348	4,0000
93,3550	1,0000
93,3752	2,0000
93,3954	1,0000
93,4156	1,0000
93,4358	2,0000
93,4560	2,0000
93,4763	0,0000
93,4965	2,0000
93,5167	1,0000
93,5369	1,0000
93,5571	3,0000
93,5773	1,0000
93,5975	2,0000
93,6177	1,0000
93,6380	5,0000
93,6582	0,0000
93,6784	1,0000
93,6986	0,0000
93,7188	2,0000
93,7390	3,0000
93,7592	4,0000
93,7795	0,0000
93,7997	0,0000
93,8199	1,0000
93,8401	1,0000
93,8603	1,0000
93,8805	3,0000
93,9007	1,0000
93,9209	5,0000
93,9412	1,0000
93,9614	0,0000
93,9816	1,0000
94,0018	0,0000
94,0220	0,0000
94,0422	4,0000
94,0624	1,0000
94,0827	1,0000
94,1029	1,0000
94,1231	5,0000
94,1433	2,0000
94,1635	2,0000
94,1837	3,0000
94,2039	0,0000
94,2241	1,0000
94,2444	0,0000
94,2646	1,0000
94,2848	2,0000
94,3050	1,0000
94,3252	1,0000
94,3454	2,0000
94,3656	4,0000
94,3859	0,0000
94,4061	1,0000
94,4263	3,0000
94,4465	1,0000
94,4667	0,0000
94,4869	1,0000
94,5071	2,0000
94,5273	1,0000
94,5476	2,0000
94,5678	5,0000
94,5880	0,0000
94,6082	1,0000
94,6284	1,0000
94,6486	3,0000
94,6688	2,0000
94,6891	0,0000
94,7093	1,0000
94,7295	4,0000
94,7497	5,0000
94,7699	2,0000
94,7901	3,0000
94,8103	2,0000
94,8306	3,0000
94,8508	3,0000
94,8710	5,0000
94,8912	6,0000
94,9114	5,0000
94,9316	5,0000
94,9518	4,0000
94,9720	7,0000
94,9923	5,0000
95,0125	11,0000
95,0327	19,0000
95,0529	22,0000
95,0731	30,0000
95,0933	41,0000
95,1135	37,0000
95,1338	26,0000
95,1540	24,0000
95,1742	14,0000
95,1944	2,0000
95,2146	5,0000
95,2348	7,0000
95,2550	6,0000
95,2752	6,0000
95,2955	9,0000
95,3157	10,0000
95,3359	7,0000
95,3561	11,0000
95,3763	13,0000
95,3965	14,0000
95,4167	16,0000
95,4370	19,0000
95,4572	13,0000
95,4774	11,0000
95,4976	5,0000
95,5178	2,0000
95,5380	2,0000
95,5582	7,0000
95,5784	5,0000
95,5987	1,0000
95,6189	2,0000
95,6391	2,0000
95,6593	3,0000
95,6795	3,0000
95,6997	0,0000
95,7199	2,0000
95,7402	0,0000
95,7604	0,0000
95,7806	3,0000
95,8008	1,0000
95,8210	3,0000
95,8412	1,0000
95,8614	2,0000
95,8816	1,0000
95,9019	1,0000
95,9221	3,0000
95,9423	2,0000
95,9625	4,0000
95,9827	1,0000
96,0029	0,0000
96,0231	2,0000
96,0434	5,0000
96,0636	2,0000
96,0838	2,0000
96,1040	2,0000
96,1242	0,0000
96,1444	0,0000
96,1646	0,0000
96,1848	3,0000
96,2051	3,0000
96,2253	0,0000
96,2455	0,0000
96,2657	1,0000
96,2859	0,0000
96,3061	2,0000
96,3263	1,0000
96,3466	1,0000
96,3668	1,0000
96,3870	1,0000
96,4072	3,0000
96,4274	0,0000
96,4476	0,0000
96,4678	2,0000
96,4880	3,0000
96,5083	3,0000
96,5285	0,0000
96,5487	2,0000
96,5689	2,0000
96,5891	1,0000
96,6093	1,0000
96,6295	3,0000
96,6498	0,0000
96,6700	2,0000
96,6902	2,0000
96,7104	1,0000
96,7306	1,0000
96,7508	1,0000
96,7710	1,0000
96,7913	2,0000
96,8115	4,0000
96,8317	2,0000
96,8519	0,0000
96,8721	1,0000
96,8923	3,0000
96,9125	2,0000
96,9327	2,0000
96,9530	4,0000
96,9732	2,0000
96,9934	5,0000
97,0136	1,0000
97,0338	2,0000
97,0540	0,0000
97,0742	0,0000
97,0945	0,0000
97,1147	1,0000
97,1349	2,0000
97,1551	2,0000
97,1753	2,0000
97,1955	2,0000
97,2157	3,0000
97,2359	3,0000
97,2562	0,0000
97,2764	1,0000
97,2966	0,0000
97,3168	2,0000
97,3370	0,0000
97,3572	1,0000
97,3774	3,0000
97,3977	3,0000
97,4179	0,0000
97,4381	2,0000
97,4583	4,0000
97,4785	1,0000
97,4987	2,0000
97,5189	2,0000
97,5391	0,0000
97,5594	2,0000
97,5796	2,0000
97,5998	2,0000
97,6200	0,0000
97,6402	1,0000
97,6604	1,0000
97,6806	0,0000
97,7009	3,0000
97,7211	1,0000
97,7413	0,0000
97,7615	1,0000
97,7817	1,0000
97,8019	1,0000
97,8221	0,0000
97,8423	2,0000
97,8626	1,0000
97,8828	3,0000
97,9030	2,0000
97,9232	2,0000
97,9434	0,0000
97,9636	1,0000
97,9838	3,0000
98,0041	0,0000
98,0243	3,0000
98,0445	1,0000
98,0647	2,0000
98,0849	2,0000
98,1051	1,0000
98,1253	0,0000
98,1455	1,0000
98,1658	1,0000
98,1860	3,0000
98,2062	0,0000
98,2264	2,0000
98,2466	2,0000
98,2668	1,0000
98,2870	3,0000
98,3073	2,0000
98,3275	2,0000
98,3477	1,0000
98,3679	3,0000
98,3881	2,0000
98,4083	2,0000
98,4285	2,0000
98,4487	0,0000
98,4690	2,0000
98,4892	3,0000
98,5094	2,0000
98,5296	0,0000
98,5498	0,0000
98,5700	0,0000
98,5902	1,0000
98,6105	2,0000
98,6307	1,0000
98,6509	1,0000
98,6711	1,0000
98,6913	0,0000
98,7115	0,0000
98,7317	3,0000
98,7519	4,0000
98,7722	1,0000
98,7924	1,0000
98,8126	0,0000
98,8328	2,0000
98,8530	1,0000
98,8732	4,0000
98,8934	3,0000
98,9137	2,0000
98,9339	4,0000
98,9541	1,0000
98,9743	3,0000
98,9945	1,0000
99,0147	1,0000
99,0349	0,0000
99,0552	1,0000
99,0754	1,0000
99,0956	2,0000
99,1158	1,0000
99,1360	1,0000
99,1562	2,0000
99,1764	1,0000
99,1966	1,0000
99,2169	2,0000
99,2371	2,0000
99,2573	0,0000
99,2775	2,0000
99,2977	1,0000
99,3179	1,0000
99,3381	3,0000
99,3584	1,0000
99,3786	2,0000
99,3988	1,0000
99,4190	2,0000
99,4392	1,0000
99,4594	1,0000
99,4796	1,0000
99,4998	2,0000
99,5201	1,0000
99,5403	0,0000
99,5605	0,0000
99,5807	1,0000
99,6009	0,0000
99,6211	1,0000
99,6413	1,0000
99,6616	2,0000
99,6818	1,0000
99,7020	0,0000
99,7222	0,0000
99,7424	1,0000
99,7626	0,0000
99,7828	0,0000
99,8030	4,0000
99,8233	0,0000
99,8435	3,0000
99,8637	1,0000
99,8839	2,0000
99,9041	1,0000
99,9243	0,0000
99,9445	0,0000
99,9648	0,0000
99,9850	1,0000
100,0052	2,0000
